Interval_1:1:138283:138486:+:204	3	4	12	3	2	1	3	3	3	0	4	3
Interval_2:1:210739:211164:+:426	40	16	11	5	31	33	14	18	21	30	19	21
Interval_3:1:238061:238558:+:498	8	0	1	2	7	10	1	7	0	16	2	4
Interval_4:1:256738:257902:+:1165	69	11	5	6	31	56	14	32	5	49	16	19
Interval_5:1:258952:259786:+:835	8	6	1	2	6	29	4	4	1	11	3	1
Interval_6:1:297890:298130:+:241	8	2	0	0	7	17	1	1	0	2	4	1
Interval_7:1:363433:363592:+:160	4	3	1	2	1	4	5	2	1	2	3	20
Interval_8:1:386006:387122:+:1117	0	2	45	1	1	0	3	4	2	2	2	5
Interval_9:1:396039:396211:+:173	3	6	2	3	5	4	6	6	2	10	1	10
Interval_10:1:422140:423116:+:977	181	116	82	157	163	226	115	205	156	182	155	194
Interval_11:1:437715:438374:+:660	69	54	44	28	48	37	47	54	53	42	43	53
Interval_12:1:443849:445542:+:1694	201	91	77	183	117	170	125	230	91	177	138	185
Interval_13:1:463426:465222:+:1797	516	346	300	296	469	344	487	612	534	413	433	560
Interval_14:1:498284:499113:+:830	13	11	8	14	5	32	8	12	5	15	10	15
Interval_15:1:534330:536291:+:1962	199	34	26	102	70	221	61	201	44	158	60	199
Interval_16:1:541194:542510:+:1317	262	188	143	201	223	232	234	282	196	269	213	315
Interval_17:1:558529:558978:+:450	21	15	7	18	13	20	8	19	5	27	15	41
Interval_18:1:569225:569954:+:730	0	7	17	20	1	5	3	8	3	5	4	6
Interval_19:1:572979:573137:+:159	0	4	8	2	1	2	2	1	1	4	3	1
Interval_20:1:594403:594573:+:171	2	3	4	5	2	4	3	8	2	6	5	3
Interval_21:1:603211:605338:+:2128	57	26	18	64	36	55	33	85	26	67	36	66
Interval_22:1:614972:615135:+:164	3	6	1	5	3	3	1	4	3	1	10	2
Interval_23:1:628433:629654:+:1222	153	108	94	128	142	162	137	187	124	173	127	181
Interval_24:1:641838:642260:+:423	1	5	2	12	0	5	1	3	1	2	5	8
Interval_25:1:676655:677035:+:381	6	9	5	14	10	9	8	8	4	10	8	17
Interval_26:1:683418:683748:+:331	1	3	3	3	1	4	2	8	2	0	5	2
Interval_27:1:696339:697169:+:831	115	24	28	91	38	125	42	105	73	167	175	92
Interval_28:1:699037:700194:+:1158	61	16	20	60	27	111	38	75	31	81	58	65
Interval_29:1:703239:703425:+:187	25	9	3	23	5	29	6	21	3	32	15	16
Interval_30:1:705018:705201:+:184	41	14	11	36	23	85	25	40	15	63	39	27
Interval_31:1:706205:707491:+:1287	449	240	404	289	437	458	458	591	614	505	549	525
Interval_32:1:709223:709403:+:181	15	7	9	13	9	21	10	32	43	14	12	71
Interval_33:1:712768:713568:+:801	213	163	156	168	181	215	202	307	239	202	246	190
Interval_34:1:746708:746923:+:216	3	9	7	4	5	2	7	21	19	15	21	6
Interval_35:1:755339:755816:+:478	21	22	22	12	31	38	20	39	31	39	49	27
Interval_36:1:810987:811213:+:227	9	4	2	8	3	10	4	4	4	8	6	8
Interval_37:1:814984:815874:+:891	26	10	8	26	7	38	7	22	9	48	28	18
Interval_38:1:850399:850895:+:497	5	4	5	7	4	15	6	7	1	7	10	8
Interval_39:1:865393:865970:+:578	8	9	6	9	4	12	5	7	1	10	3	7
Interval_40:1:867216:868332:+:1117	29	28	21	23	21	43	16	41	14	40	12	28
Interval_41:1:872226:872612:+:387	31	5	7	23	14	55	15	33	6	36	10	34
Interval_42:1:880409:880974:+:566	264	145	85	197	155	317	104	228	69	307	130	223
Interval_43:1:912289:912834:+:546	6	6	5	12	12	23	9	7	2	11	3	6
Interval_44:1:922031:924129:+:2099	754	562	466	580	792	824	713	979	794	811	743	982
Interval_45:1:944716:944988:+:273	9	11	9	15	8	11	9	14	11	21	10	23
Interval_46:1:948969:949663:+:695	36	26	33	12	34	67	33	46	17	59	46	3
Interval_47:1:967267:967670:+:404	1	1	15	5	2	3	3	5	2	2	3	2
Interval_48:1:984485:986100:+:1616	594	526	582	469	974	649	754	874	875	719	687	850
Interval_49:1:1001826:1002939:+:1114	20	11	11	34	11	28	11	31	14	22	20	28
Interval_50:1:1013070:1013250:+:181	2	1	2	0	0	4	1	1	0	5	1	0
Interval_51:1:1017822:1019086:+:1265	23	32	24	34	15	49	21	61	16	51	44	38
Interval_52:1:1025812:1025998:+:187	5	2	5	6	4	3	10	6	1	4	0	5
Interval_53:1:1030733:1031845:+:1113	33	9	28	43	9	32	17	20	20	26	20	28
Interval_54:1:1036449:1037085:+:637	24	22	17	31	48	44	21	68	19	46	42	70
Interval_55:1:1123144:1123568:+:425	35	25	26	22	40	43	37	37	35	58	28	37
Interval_56:1:1129559:1129818:+:260	10	2	4	5	5	5	2	4	5	16	6	5
Interval_57:1:1165200:1165671:+:472	2	3	12	1	4	1	1	2	1	3	1	4
Interval_58:1:1170207:1170361:+:155	39	26	28	38	19	38	28	45	42	52	32	46
Interval_59:1:1171206:1172741:+:1536	718	498	337	441	568	750	565	880	665	760	705	962
Interval_60:1:1191581:1192181:+:601	50	20	10	11	11	5	4	16	4	12	5	6
Interval_61:1:1211265:1211528:+:264	21	4	3	6	8	11	4	8	2	6	3	11
Interval_62:1:1212142:1212410:+:269	12	2	0	7	1	4	2	3	0	3	2	3
Interval_63:1:1213595:1213774:+:180	11	9	4	12	4	10	2	5	2	4	1	5
Interval_64:1:1225471:1225965:+:495	22	5	9	9	11	20	21	34	3	32	9	19
Interval_65:1:1227855:1228044:+:190	1	3	2	1	4	2	0	13	0	10	0	0
Interval_66:1:1230532:1230897:+:366	42	9	4	18	16	57	7	39	1	43	2	41
Interval_67:1:1246143:1246655:+:513	14	10	24	13	24	22	9	41	12	36	23	11
Interval_68:1:1259526:1260104:+:579	3	9	4	9	11	13	13	11	6	15	15	19
Interval_69:1:1261072:1261325:+:254	10	3	7	32	3	15	9	13	3	11	6	18
Interval_70:1:1267353:1267879:+:527	23	11	7	27	8	20	12	22	6	21	16	22
Interval_71:1:1282017:1282176:+:160	0	4	7	0	4	0	3	5	3	4	2	5
Interval_72:1:1288363:1288525:+:163	2	1	6	3	0	1	2	0	0	3	4	3
Interval_73:1:1307846:1308137:+:292	2	8	5	6	3	8	7	13	0	3	4	5
Interval_74:1:1322777:1322988:+:212	4	3	3	5	4	8	1	4	5	12	4	8
Interval_75:1:1324816:1326091:+:1276	69	19	11	61	31	111	35	75	21	81	23	44
Interval_76:1:1334068:1334831:+:764	149	69	46	65	75	79	64	164	60	183	63	160
Interval_77:1:1358879:1359115:+:237	1	7	7	5	1	2	0	3	3	5	4	1
Interval_78:1:1362572:1362757:+:186	3	7	8	12	4	5	5	2	6	7	7	4
Interval_79:1:1365192:1365753:+:562	10	23	43	37	8	15	20	24	17	16	13	14
Interval_80:1:1399774:1400073:+:300	3	10	13	16	4	2	6	8	3	11	8	4
Interval_81:1:1402426:1402646:+:221	1	3	8	1	1	1	1	0	0	0	1	2
Interval_82:1:1409139:1409310:+:172	5	5	5	5	1	4	2	3	0	6	3	3
Interval_83:1:1411926:1412371:+:446	1	13	13	14	4	7	6	12	4	1	4	2
Interval_84:1:1414680:1414992:+:313	0	8	13	14	1	7	3	7	4	7	5	7
Interval_85:1:1416434:1416705:+:272	5	10	24	10	4	4	4	8	6	13	6	6
Interval_86:1:1424288:1424530:+:243	4	5	16	9	2	1	7	7	6	3	4	0
Interval_87:1:1466661:1467479:+:819	12	10	8	12	6	12	7	27	2	12	10	14
Interval_88:1:1468632:1468941:+:310	8	4	3	6	1	7	2	16	3	8	2	3
Interval_89:1:1498165:1498516:+:352	4	7	3	4	1	7	8	14	2	18	5	10
Interval_90:1:1501704:1502117:+:414	27	4	3	23	10	12	12	52	8	27	11	31
Interval_91:1:1505719:1506011:+:293	14	6	6	5	2	5	4	2	2	11	5	7
Interval_92:1:1512917:1513298:+:382	2	12	7	6	8	11	6	18	10	11	12	12
Interval_93:1:1526931:1527182:+:252	14	4	9	10	5	14	12	33	5	28	18	16
Interval_94:1:1543923:1544370:+:448	22	4	5	4	6	14	7	13	5	15	9	8
Interval_95:1:1546712:1547288:+:577	8	9	8	9	3	12	11	10	2	16	4	19
Interval_96:1:1560493:1561469:+:977	36	13	14	22	30	39	30	35	11	40	22	38
Interval_97:1:1566596:1567098:+:503	6	6	0	3	3	20	6	10	6	5	5	4
Interval_98:1:1571823:1572381:+:559	10	10	10	5	7	12	7	26	3	5	6	9
Interval_99:1:1586711:1587855:+:1145	31	11	12	41	21	47	19	41	23	39	21	28
Interval_100:1:1592362:1592659:+:298	4	3	4	14	6	16	2	3	4	7	3	2
Interval_101:1:1607036:1607555:+:520	16	10	2	73	8	18	12	13	8	10	11	40
Interval_102:1:1610608:1611283:+:676	59	13	10	49	14	68	40	94	14	63	25	27
Interval_103:1:1612666:1613274:+:609	8	9	8	12	9	33	6	13	4	17	11	15
Interval_104:1:1624157:1624457:+:301	7	2	3	8	4	9	4	6	1	12	6	5
Interval_105:1:1630940:1632195:+:1256	63	24	18	50	20	71	27	61	14	66	18	59
Interval_106:1:1640425:1640873:+:449	58	38	17	82	60	88	38	96	25	89	23	87
Interval_107:1:1645625:1646167:+:543	7	12	10	16	2	10	7	19	2	14	7	6
Interval_108:1:1649377:1649579:+:203	5	2	2	9	3	6	1	8	1	7	5	14
Interval_109:1:1649598:1649785:+:188	13	1	2	5	4	5	4	4	1	7	4	6
Interval_110:1:1650299:1651021:+:723	12	5	3	13	5	23	6	17	7	16	6	5
Interval_111:1:1654371:1654694:+:324	12	15	7	19	12	16	7	19	3	17	7	7
Interval_112:1:1683632:1683788:+:157	10	5	2	9	5	12	3	9	2	6	3	7
Interval_113:1:1697486:1697703:+:218	5	3	1	7	12	9	6	5	3	17	2	13
Interval_114:1:1708572:1709196:+:625	5	6	9	13	4	7	7	7	0	5	2	8
Interval_115:1:1712860:1713009:+:150	10	2	3	3	1	8	0	2	1	7	2	2
Interval_116:1:1742569:1742892:+:324	4	4	6	10	3	15	3	11	0	5	4	11
Interval_117:1:1743647:1744185:+:539	10	8	7	19	4	34	10	19	4	24	11	14
Interval_118:1:1753715:1754885:+:1171	25	18	32	37	42	58	18	28	13	33	26	46
Interval_119:1:1757588:1758273:+:686	10	20	13	13	10	39	12	28	14	11	11	14
Interval_120:1:1762988:1764255:+:1268	14	57	37	15	55	21	27	24	60	22	23	39
Interval_121:1:1773579:1773809:+:231	8	6	3	12	4	10	3	21	5	29	7	6
Interval_122:1:1778077:1778296:+:220	2	2	9	6	7	5	5	5	3	7	5	10
Interval_123:1:1822712:1823766:+:1055	26	26	32	29	40	30	26	45	39	25	23	23
Interval_124:1:1827395:1828449:+:1055	27	16	20	39	34	48	15	32	11	32	22	49
Interval_125:1:1871036:1872822:+:1787	37	41	47	44	94	55	56	66	72	68	69	74
Interval_126:1:1896555:1897234:+:680	19	11	10	18	10	37	25	29	18	48	32	41
Interval_127:1:1909081:1909419:+:339	13	3	1	12	4	17	9	16	5	17	1	13
Interval_128:1:1924878:1925427:+:550	1	2	7	11	1	2	1	4	0	3	4	6
Interval_129:1:1936681:1936998:+:318	28	4	14	14	14	40	9	38	16	34	14	16
Interval_130:1:1955993:1956819:+:827	136	152	101	136	198	169	176	236	210	180	203	245
Interval_131:1:1971758:1972230:+:473	4	7	10	16	3	4	4	3	1	2	4	4
Interval_132:1:1982518:1982679:+:162	3	2	5	6	5	5	0	3	4	6	0	2
Interval_133:1:1986205:1986939:+:735	45	10	23	19	31	60	36	50	30	26	29	43
Interval_134:1:2012241:2013906:+:1666	47	24	33	34	49	52	34	81	20	77	54	53
Interval_135:1:2058716:2058849:+:134	7	4	6	15	12	13	6	8	4	7	5	18
Interval_136:1:2071384:2072635:+:1252	22	82	67	32	129	24	67	33	136	30	39	74
Interval_137:1:2088117:2088698:+:582	19	12	9	28	18	18	12	15	15	13	9	21
Interval_138:1:2153806:2154224:+:419	28	24	12	20	18	26	19	19	17	30	26	26
Interval_139:1:2167981:2168657:+:677	47	22	21	31	32	46	19	56	25	66	29	55
Interval_140:1:2187456:2187633:+:178	4	3	1	5	1	2	1	11	6	5	11	2
Interval_141:1:2188482:2189400:+:919	88	40	36	32	62	77	65	110	55	54	61	62
Interval_142:1:2202820:2202964:+:145	4	4	6	2	1	5	3	7	2	3	6	5
Interval_143:1:2222491:2222736:+:246	1	12	8	3	5	2	4	6	1	0	4	4
Interval_144:1:2229508:2229721:+:214	2	4	4	4	2	11	0	4	0	1	3	0
Interval_145:1:2232388:2232669:+:282	2	6	1	11	5	2	7	5	2	8	8	9
Interval_146:1:2238247:2238589:+:343	7	4	6	6	6	2	10	7	1	21	4	19
Interval_147:1:2248042:2248222:+:181	2	4	7	1	2	5	2	2	1	11	0	1
Interval_148:1:2263011:2263195:+:185	3	15	12	9	6	4	12	7	4	8	9	10
Interval_149:1:2263927:2264119:+:193	8	9	3	5	13	7	2	2	1	0	0	1
Interval_150:1:2271618:2272644:+:1027	32	27	29	15	46	20	16	38	5	7	12	7
Interval_151:1:2352531:2353102:+:572	0	6	14	10	4	1	2	5	1	3	3	4
Interval_152:1:2354283:2355146:+:864	17	23	30	17	63	18	24	34	71	39	32	32
Interval_153:1:2365020:2365720:+:701	79	29	52	48	60	76	65	107	76	98	80	122
Interval_154:1:2376459:2377160:+:702	15	29	17	16	37	6	35	27	30	19	18	23
Interval_155:1:2405905:2407046:+:1142	13	18	29	33	39	22	19	33	22	33	16	59
Interval_156:1:2415384:2415748:+:365	27	11	5	8	7	11	9	13	9	21	6	13
Interval_157:1:2423587:2424034:+:448	87	37	23	22	46	56	42	83	33	64	41	60
Interval_158:1:2431624:2432271:+:648	19	57	38	29	57	39	45	43	72	46	48	44
Interval_159:1:2448012:2448181:+:170	3	7	2	3	3	10	1	5	3	1	2	4
Interval_160:1:2456033:2456631:+:599	153	126	140	106	174	126	190	192	154	147	128	180
Interval_161:1:2482258:2483211:+:954	3	11	35	17	7	3	4	12	6	12	3	4
Interval_162:1:2517490:2519888:+:2399	442	387	255	325	510	413	414	558	446	436	352	503
Interval_163:1:2527381:2527932:+:552	4	2	4	14	3	5	2	4	2	6	1	8
Interval_164:1:2534784:2535871:+:1088	33	31	19	31	30	34	12	27	29	14	22	40
Interval_165:1:2538013:2538162:+:150	3	4	2	8	6	4	6	4	1	1	0	3
Interval_166:1:2549172:2551590:+:2419	1082	711	521	793	976	1097	834	1208	922	1049	879	1115
Interval_167:1:2558570:2559074:+:505	8	3	2	9	3	11	7	17	4	9	6	5
Interval_168:1:2608245:2610399:+:2155	164	80	117	151	123	126	106	69	23	86	13	68
Interval_169:1:2614431:2615793:+:1363	68	58	65	131	39	59	44	51	9	30	14	34
Interval_170:1:2616232:2616521:+:290	14	8	12	14	8	11	11	7	0	7	4	8
Interval_171:1:2617790:2618754:+:965	43	35	45	65	36	26	19	32	10	28	16	32
Interval_172:1:2622305:2623028:+:724	5	6	7	10	4	15	4	6	0	7	8	15
Interval_173:1:2635140:2635299:+:160	4	3	5	6	1	2	0	2	0	2	0	2
Interval_174:1:2644433:2644748:+:316	3	1	11	13	5	0	2	2	1	4	1	3
Interval_175:1:2652394:2652547:+:154	2	3	3	2	3	0	6	3	1	3	2	11
Interval_176:1:2659162:2659534:+:373	48	36	27	38	29	80	47	61	45	62	28	63
Interval_177:1:2660508:2661918:+:1411	116	98	64	101	104	155	135	229	190	153	157	244
Interval_178:1:2675312:2675590:+:279	3	5	7	7	15	3	4	5	4	2	4	6
Interval_179:1:2681851:2682207:+:357	10	24	15	13	12	18	14	13	13	20	10	18
Interval_180:1:2689775:2690446:+:672	3	7	16	8	2	4	3	5	3	3	3	2
Interval_181:1:2706288:2706457:+:170	1	0	1	2	0	0	0	0	2	1	0	7
Interval_182:1:2708230:2709449:+:1220	16	83	47	21	59	25	50	70	155	45	62	39
Interval_183:1:2711468:2711671:+:204	1	1	2	6	12	4	4	8	1	4	1	1
Interval_184:1:2733717:2734503:+:787	6	4	8	9	10	8	6	22	8	14	8	13
Interval_185:1:2762161:2762304:+:144	4	2	6	1	3	4	1	5	1	3	6	2
Interval_186:1:2769015:2769251:+:237	22	14	12	16	21	21	23	36	21	46	7	24
Interval_187:1:2770231:2770523:+:293	3	2	11	4	1	3	3	1	0	3	3	4
Interval_188:1:2774356:2774588:+:233	20	3	8	7	9	8	15	16	5	21	9	9
Interval_189:1:2781640:2781829:+:190	5	2	7	5	6	2	7	3	6	4	1	9
Interval_190:1:2806186:2806504:+:319	39	20	17	18	23	33	15	30	6	35	12	36
Interval_191:1:2825343:2825878:+:536	53	31	28	35	44	54	38	50	25	69	31	79
Interval_192:1:2880743:2880936:+:194	2	4	0	4	1	5	4	5	5	7	4	4
Interval_193:1:2909807:2910888:+:1082	28	14	10	7	26	19	20	38	14	29	25	31
Interval_194:1:2960261:2960435:+:175	0	1	0	8	1	0	1	1	1	0	1	2
Interval_195:1:3063323:3064875:+:1553	40	25	19	30	21	40	27	54	23	33	36	52
Interval_196:1:3123747:3123932:+:186	8	9	4	8	12	7	5	17	1	12	9	19
Interval_197:1:3135216:3135371:+:156	2	2	5	5	2	1	3	4	0	0	0	1
Interval_198:1:3142550:3143797:+:1248	179	127	128	150	157	188	218	276	276	225	196	254
Interval_199:1:3146593:3146816:+:224	2	7	10	1	5	2	6	6	48	0	8	5
Interval_200:1:3149888:3150310:+:423	24	20	26	29	20	34	26	39	33	30	27	57
Interval_201:1:3151746:3152592:+:847	18	12	11	15	9	9	10	19	13	8	12	21
Interval_202:1:3160131:3160883:+:753	5	21	22	24	22	13	36	21	23	22	26	28
Interval_203:1:3175551:3176106:+:556	18	19	17	21	17	40	13	31	11	17	18	43
Interval_204:1:3180403:3180845:+:443	15	6	6	22	16	18	7	18	2	19	8	18
Interval_205:1:3208599:3209123:+:525	49	14	16	42	28	38	22	50	31	45	24	46
Interval_206:1:3220960:3221401:+:442	25	6	11	22	8	22	9	27	7	20	17	22
Interval_207:1:3231439:3231716:+:278	4	5	4	15	2	7	5	3	0	2	1	8
Interval_208:1:3231733:3231925:+:193	1	2	1	4	1	4	1	1	1	1	0	6
Interval_209:1:3241657:3242016:+:360	21	10	11	15	11	11	12	18	7	17	7	20
Interval_210:1:3256587:3256759:+:173	4	6	1	1	1	6	4	7	2	11	3	3
Interval_211:1:3276740:3278314:+:1575	517	410	394	340	680	643	585	743	676	638	486	573
Interval_212:1:3283685:3283939:+:255	1	4	4	8	5	11	6	9	2	7	6	10
Interval_213:1:3286619:3287600:+:982	32	30	21	47	35	54	29	70	22	50	38	47
Interval_214:1:3289211:3290056:+:846	8	74	98	15	109	22	104	54	143	24	89	56
Interval_215:1:3306756:3307445:+:690	70	28	28	94	62	81	38	111	28	104	57	122
Interval_216:1:3324153:3324667:+:515	27	63	28	15	44	36	61	28	71	24	53	49
Interval_217:1:3326103:3327439:+:1337	28	25	24	20	32	55	16	38	21	33	40	37
Interval_218:1:3329085:3329374:+:290	4	6	4	8	6	5	6	9	2	19	3	11
Interval_219:1:3330205:3331063:+:859	18	8	12	19	23	32	14	20	10	23	9	17
Interval_220:1:3336100:3336406:+:307	13	28	25	14	24	28	29	12	25	9	26	16
Interval_221:1:3339988:3340404:+:417	109	94	90	56	144	140	101	141	158	131	118	137
Interval_222:1:3341289:3341747:+:459	64	89	70	51	150	77	127	130	185	117	188	99
Interval_223:1:3347784:3349239:+:1456	135	96	94	92	110	110	124	211	139	155	152	180
Interval_224:1:3350846:3351708:+:863	50	43	32	45	36	90	27	69	31	57	42	46
Interval_225:1:3354787:3355373:+:587	34	16	5	25	10	53	16	34	18	33	12	26
Interval_226:1:3358627:3358812:+:186	15	14	30	7	36	33	25	30	33	19	46	28
Interval_227:1:3363518:3363923:+:406	35	14	14	21	24	44	26	39	17	61	36	38
Interval_228:1:3371371:3371592:+:222	2	3	6	1	2	10	2	3	3	6	5	6
Interval_229:1:3372511:3372847:+:337	9	10	4	10	8	20	8	13	11	17	9	16
Interval_230:1:3374047:3374291:+:245	21	4	6	11	14	31	6	19	10	22	19	8
Interval_231:1:3378841:3379007:+:167	15	4	4	6	4	17	6	9	6	18	7	10
Interval_232:1:3379915:3380433:+:519	1	1	5	3	5	15	15	7	13	14	14	17
Interval_233:1:3388826:3389138:+:313	57	14	12	49	23	72	34	65	18	74	23	45
Interval_234:1:3390139:3390852:+:714	43	29	41	39	45	79	50	49	39	82	34	52
Interval_235:1:3395656:3396153:+:498	56	23	19	46	48	101	34	82	24	108	20	82
Interval_236:1:3403333:3403951:+:619	3	5	7	9	3	10	5	15	6	11	7	6
Interval_237:1:3404833:3405484:+:652	18	12	12	19	9	27	12	15	10	23	9	20
Interval_238:1:3406957:3407166:+:210	2	4	3	5	4	6	7	5	2	8	2	12
Interval_239:1:3419468:3419837:+:370	9	3	8	26	10	21	10	5	7	17	16	24
Interval_240:1:3424309:3425818:+:1510	26	52	88	40	64	47	88	77	103	72	97	60
Interval_241:1:3431924:3432726:+:803	12	16	6	13	10	25	5	31	8	19	6	15
Interval_242:1:3440442:3440699:+:258	10	11	11	20	8	20	5	5	3	12	11	14
Interval_243:1:3443484:3444309:+:826	16	7	10	17	7	40	6	9	10	16	8	22
Interval_244:1:3446341:3447279:+:939	20	21	30	16	21	24	26	42	35	29	24	37
Interval_245:1:3457078:3457634:+:557	49	34	20	44	27	58	22	60	30	66	43	61
Interval_246:1:3463354:3464045:+:692	7	8	15	19	10	10	10	16	2	17	13	9
Interval_247:1:3470232:3471548:+:1317	172	143	106	129	161	192	148	246	164	186	133	207
Interval_248:1:3472423:3473297:+:875	89	67	45	86	153	148	92	119	100	132	130	138
Interval_249:1:3486518:3486771:+:254	6	2	5	2	1	6	3	14	4	13	7	7
Interval_250:1:3489501:3490167:+:667	5	4	5	16	2	5	4	6	5	5	4	2
Interval_251:1:3500802:3501352:+:551	7	7	6	13	6	24	7	16	12	19	7	14
Interval_252:1:3504440:3505114:+:675	10	1	6	4	5	8	5	16	5	9	10	18
Interval_253:1:3525099:3525731:+:633	9	1	7	4	15	3	41	11	28	45	48	8
Interval_254:1:3531286:3532367:+:1082	25	10	18	52	24	34	50	49	46	69	108	58
Interval_255:1:3542068:3542368:+:301	0	0	0	0	0	0	2	3	6	7	17	0
Interval_256:1:3542796:3543006:+:211	6	5	1	3	3	4	3	8	3	4	3	8
Interval_257:1:3570552:3571426:+:875	26	18	13	11	29	39	10	23	15	25	23	26
Interval_258:1:3572344:3573018:+:675	25	9	10	8	11	22	6	10	8	11	13	12
Interval_259:1:3579553:3580663:+:1111	242	341	300	145	506	246	349	320	512	307	297	321
Interval_260:1:3600911:3601498:+:588	26	13	6	12	20	28	13	13	7	23	9	8
Interval_261:1:3612961:3613469:+:509	10	6	4	9	3	7	6	11	4	4	8	20
Interval_262:1:3616624:3616860:+:237	4	5	10	5	7	7	8	15	6	7	18	11
Interval_263:1:3619975:3620272:+:298	2	7	6	3	11	5	7	7	16	10	11	7
Interval_264:1:3629126:3629845:+:720	25	23	9	17	11	59	14	25	16	34	23	33
Interval_265:1:3642166:3642691:+:526	15	11	6	11	5	17	7	8	4	22	9	13
Interval_266:1:3666684:3667331:+:648	14	30	16	16	20	12	15	32	33	34	33	13
Interval_267:1:3691988:3692232:+:245	17	15	8	12	13	31	5	12	4	17	5	21
Interval_268:1:3694842:3695189:+:348	42	10	16	29	18	46	24	42	13	19	21	36
Interval_269:1:3701206:3702556:+:1351	51	18	16	21	23	51	23	42	10	42	14	48
Interval_270:1:3725721:3726736:+:1016	7	5	8	12	6	5	9	14	9	18	20	22
Interval_271:1:3761129:3761671:+:543	6	8	10	20	10	15	0	9	0	11	0	0
Interval_272:1:3794051:3794288:+:238	3	1	8	0	1	3	0	3	0	0	0	0
Interval_273:1:3924672:3924841:+:170	0	4	5	6	3	10	2	4	0	6	2	3
Interval_274:1:3952436:3952670:+:235	11	1	3	10	6	13	7	8	0	11	6	6
Interval_275:1:3965560:3965919:+:360	39	17	18	28	30	25	41	46	27	33	28	44
Interval_276:1:3968708:3969705:+:998	39	7	10	15	19	31	10	17	12	27	15	28
Interval_277:1:3974246:3974773:+:528	35	22	19	19	35	55	38	36	23	48	21	46
Interval_278:1:3975674:3976190:+:517	43	24	13	28	14	20	23	37	12	46	19	42
Interval_279:1:3985852:3986179:+:328	51	53	52	38	57	79	52	67	51	87	75	47
Interval_280:1:3998780:3999073:+:294	11	7	6	8	6	13	6	13	5	15	3	6
Interval_281:1:4014975:4015283:+:309	14	10	4	12	9	12	6	15	8	14	3	22
Interval_282:1:4019673:4019917:+:245	11	2	3	13	2	4	5	5	0	7	0	4
Interval_283:1:4021139:4022032:+:894	35	8	16	26	13	40	16	52	22	40	12	24
Interval_284:1:4025310:4025851:+:542	24	25	10	10	16	25	10	15	7	24	15	16
Interval_285:1:4026759:4027228:+:470	31	16	8	15	10	14	6	17	11	18	8	11
Interval_286:1:4036982:4037399:+:418	3	7	9	5	1	5	4	6	1	4	5	3
Interval_287:1:4040011:4041108:+:1098	14	14	7	16	11	10	12	24	9	22	15	27
Interval_288:1:4041406:4041575:+:170	2	4	4	2	3	0	3	13	4	10	6	3
Interval_289:1:4054013:4054170:+:158	3	1	5	6	1	2	1	1	1	4	6	10
Interval_290:1:4060598:4060845:+:248	15	19	12	9	15	18	12	13	4	21	10	11
Interval_291:1:4062036:4062212:+:177	5	12	6	5	7	5	1	11	5	13	2	5
Interval_292:1:4066689:4066845:+:157	0	0	5	1	0	0	0	0	0	1	0	0
Interval_293:1:4081502:4081743:+:242	15	6	9	13	22	24	9	26	11	28	12	26
Interval_294:1:4101440:4102746:+:1307	67	27	19	43	29	46	16	38	11	42	11	43
Interval_295:1:4105295:4106164:+:870	54	26	12	25	21	45	15	26	18	46	22	41
Interval_296:1:4107736:4107947:+:212	13	2	9	8	6	12	9	16	5	7	4	21
Interval_297:1:4109149:4109483:+:335	27	20	11	24	21	37	14	27	13	46	20	22
Interval_298:1:4159864:4160982:+:1119	79	44	37	47	67	78	36	80	23	82	42	81
Interval_299:1:4166503:4167164:+:662	6	7	20	13	4	8	10	15	8	10	8	14
Interval_300:1:4167209:4167622:+:414	4	5	3	6	4	3	12	4	10	12	8	11
Interval_301:1:4194550:4196381:+:1832	419	415	366	313	598	367	638	660	766	570	568	603
Interval_302:1:4199267:4199556:+:290	49	53	41	35	77	63	64	56	85	56	62	50
Interval_303:1:4200822:4201707:+:886	136	92	38	92	93	188	67	128	53	145	78	136
Interval_304:1:4204058:4204439:+:382	185	227	194	92	408	173	339	247	436	177	289	276
Interval_305:1:4208482:4210078:+:1597	138	121	106	113	169	166	115	164	139	211	134	173
Interval_306:1:4220345:4220680:+:336	5	41	41	7	65	3	75	94	91	51	111	47
Interval_307:1:4221503:4222106:+:604	13	26	26	14	42	10	35	27	37	20	41	31
Interval_308:1:4234904:4235205:+:302	7	5	5	5	8	17	9	6	9	10	5	19
Interval_309:1:4238685:4239263:+:579	5	3	25	8	32	9	11	11	15	9	22	7
Interval_310:1:4243785:4244019:+:235	5	4	3	9	8	15	7	8	10	9	8	18
Interval_311:1:4246222:4247113:+:892	125	81	77	107	127	139	139	151	130	148	118	142
Interval_312:1:4248741:4250108:+:1368	102	60	77	68	100	122	111	148	84	143	92	116
Interval_313:1:4255456:4256671:+:1216	80	35	27	32	69	87	36	83	29	79	60	60
Interval_314:1:4257190:4257535:+:346	12	6	9	6	6	22	14	25	5	32	29	14
Interval_315:1:4363064:4363672:+:609	3	1	2	4	3	0	6	16	4	7	3	2
Interval_316:1:4392539:4392916:+:378	3	4	1	3	2	13	4	2	3	12	5	4
Interval_317:1:4407993:4408844:+:852	82	56	51	55	65	91	84	114	68	122	81	82
Interval_318:1:4419198:4419353:+:156	12	9	8	9	5	9	5	10	4	17	12	20
Interval_319:1:4423744:4424729:+:986	9	14	6	14	8	15	20	20	9	17	22	21
Interval_320:1:4440420:4441835:+:1416	31	9	22	21	24	28	22	32	12	49	22	36
Interval_321:1:4449087:4450301:+:1215	26	23	20	55	33	36	17	31	15	28	18	27
Interval_322:1:4452239:4452753:+:515	5	1	6	15	2	4	1	5	5	7	3	4
Interval_323:1:4470870:4472007:+:1138	3	4	18	13	5	3	4	9	0	6	7	5
Interval_324:1:4483382:4483595:+:214	5	8	14	7	4	4	12	3	5	6	12	6
Interval_325:1:4496501:4497758:+:1258	5	12	25	15	10	11	5	14	6	11	15	7
Interval_326:1:4500539:4500811:+:273	7	10	14	9	4	5	2	13	9	7	7	4
Interval_327:1:4501334:4501470:+:137	2	4	4	9	1	0	4	1	7	1	3	2
Interval_328:1:4502039:4502345:+:307	8	12	19	14	6	8	4	11	3	9	6	8
Interval_329:1:4503005:4503808:+:804	7	16	38	45	6	11	14	16	10	28	10	15
Interval_330:1:4507217:4507506:+:290	4	15	15	16	2	4	6	4	8	8	6	8
Interval_331:1:4509075:4509376:+:302	4	13	16	10	3	5	9	12	6	5	12	12
Interval_332:1:4525727:4526055:+:329	4	7	10	8	4	3	5	6	1	5	8	4
Interval_333:1:4530271:4530483:+:213	2	2	10	5	3	1	3	5	0	2	4	2
Interval_334:1:4534902:4535124:+:223	7	6	6	5	4	5	4	15	3	5	6	11
Interval_335:1:4544972:4545180:+:209	0	1	2	3	2	9	1	1	1	3	1	5
Interval_336:1:4549472:4549748:+:277	8	7	4	4	11	4	4	5	4	9	2	21
Interval_337:1:4568428:4570968:+:2541	509	286	247	368	471	502	505	698	516	583	457	570
Interval_338:1:4581233:4582012:+:780	12	9	13	28	19	26	13	22	3	21	4	22
Interval_339:1:4582522:4582709:+:188	0	1	2	2	12	1	7	0	5	3	2	3
Interval_340:1:4597104:4597412:+:309	18	13	9	32	13	41	7	44	14	49	18	59
Interval_341:1:4602454:4603556:+:1103	155	123	108	131	157	183	129	210	217	190	147	212
Interval_342:1:4613432:4613713:+:282	8	19	54	6	101	15	59	28	58	20	86	26
Interval_343:1:4620173:4620932:+:760	19	14	11	16	16	31	9	31	11	42	17	28
Interval_344:1:4621560:4621829:+:270	1	5	3	9	4	14	3	8	7	8	9	9
Interval_345:1:4628886:4630004:+:1119	275	340	264	221	432	298	431	441	566	396	420	447
Interval_346:1:4630933:4632796:+:1864	247	139	135	139	221	201	177	389	256	288	221	301
Interval_347:1:4642294:4643168:+:875	29	27	20	38	28	36	23	50	7	52	20	74
Interval_348:1:4643763:4644175:+:413	8	3	13	8	18	8	1	15	1	10	9	20
Interval_349:1:4648737:4649298:+:562	32	4	6	16	12	24	10	34	8	25	12	16
Interval_350:1:4649674:4651394:+:1721	99	68	33	38	50	85	46	96	36	94	46	65
Interval_351:1:4659163:4660385:+:1223	150	110	102	85	187	181	139	184	170	206	150	172
Interval_352:1:4666923:4667254:+:332	3	4	12	4	1	1	0	0	1	3	2	4
Interval_353:1:4746141:4746694:+:554	65	18	16	40	64	58	31	68	22	81	25	90
Interval_354:1:4782809:4783411:+:603	76	16	11	39	19	65	31	71	21	83	23	63
Interval_355:1:4788561:4788862:+:302	2	4	6	5	1	7	4	5	2	8	1	9
Interval_356:1:4789008:4789164:+:157	6	1	3	11	2	2	1	2	4	1	1	3
Interval_357:1:4790175:4790445:+:271	5	6	6	15	6	7	2	18	5	13	7	8
Interval_358:1:4796987:4797366:+:380	48	48	39	35	68	59	34	89	45	55	53	57
Interval_359:1:4802783:4803386:+:604	7	54	67	3	77	6	55	46	78	27	61	22
Interval_360:1:4837743:4838123:+:381	10	12	7	2	4	13	0	5	1	4	4	2
Interval_361:1:4858270:4859318:+:1049	383	304	247	238	425	284	347	408	396	292	345	405
Interval_362:1:4867619:4868356:+:738	126	73	66	87	85	94	72	123	122	82	115	151
Interval_363:1:4873289:4873441:+:153	12	9	2	7	3	15	6	12	4	11	1	11
Interval_364:1:4880505:4881971:+:1467	216	156	105	203	211	222	164	284	227	216	197	237
Interval_365:1:4898293:4899023:+:731	21	32	68	33	84	46	60	72	74	56	72	68
Interval_366:1:4901752:4902454:+:703	31	27	34	33	62	53	46	52	58	60	41	64
Interval_367:1:4903652:4903805:+:154	9	8	15	28	27	21	9	14	13	16	14	14
Interval_368:1:4915496:4916496:+:1001	32	12	12	47	17	26	9	37	12	29	14	39
Interval_369:1:4937456:4937658:+:203	17	7	16	12	14	20	5	16	2	13	10	17
Interval_370:1:4938347:4938557:+:211	4	6	3	3	3	10	1	5	8	7	3	5
Interval_371:1:4947391:4948113:+:723	89	3	36	2	71	87	1	5	5	60	3	4
Interval_372:1:4956873:4957244:+:372	3	1	5	15	1	3	2	4	0	7	3	6
Interval_373:1:4980215:4980811:+:597	27	10	8	46	23	76	20	48	15	75	17	44
Interval_374:1:4989933:4990143:+:211	5	1	3	7	1	13	2	6	1	6	2	4
Interval_375:1:4996405:4997369:+:965	115	71	52	83	62	127	23	78	34	85	29	80
Interval_376:1:4998066:4998562:+:497	7	20	39	14	31	9	29	62	65	39	39	22
Interval_377:1:5015583:5017320:+:1738	36	88	69	52	87	52	72	62	142	78	81	76
Interval_378:1:5018810:5019235:+:426	21	20	7	20	7	21	11	31	4	33	14	27
Interval_379:1:5024594:5024806:+:213	3	2	2	9	3	7	1	6	4	1	6	6
Interval_380:1:5096012:5096176:+:165	1	8	5	0	0	0	1	1	0	1	2	0
Interval_381:1:5107537:5108503:+:967	407	268	216	322	505	439	397	508	476	469	433	552
Interval_382:1:5114790:5115432:+:643	159	135	84	80	180	153	150	174	135	124	137	140
Interval_383:1:5118428:5119384:+:957	234	131	105	133	251	307	153	319	104	283	186	174
Interval_384:1:5123933:5124488:+:556	9	9	10	19	19	8	10	17	18	10	20	50
Interval_385:1:5137789:5138719:+:931	13	14	17	24	21	37	9	18	13	19	12	22
Interval_386:1:5138963:5139410:+:448	2	8	11	10	1	5	4	1	4	9	2	2
Interval_387:1:5141510:5142115:+:606	8	7	20	15	2	11	4	10	5	10	3	5
Interval_388:1:5166157:5166397:+:241	2	2	10	3	4	4	2	23	12	20	17	7
Interval_389:1:5187090:5189099:+:2010	529	378	396	389	728	587	578	773	672	669	654	743
Interval_390:1:5202175:5203307:+:1133	81	64	72	52	81	75	61	106	79	73	57	89
Interval_391:1:5206100:5206365:+:266	5	10	6	4	9	16	1	11	6	19	6	8
Interval_392:1:5232865:5233394:+:530	78	38	31	51	51	99	59	101	63	93	43	75
Interval_393:1:5238507:5239417:+:911	21	13	9	16	17	24	14	28	13	30	20	24
Interval_394:1:5240389:5240524:+:136	3	2	0	9	1	7	2	6	2	8	0	3
Interval_395:1:5251007:5251372:+:366	6	7	4	7	9	15	1	20	0	9	0	10
Interval_396:1:5259155:5259450:+:296	5	8	15	5	11	3	8	10	11	10	10	10
Interval_397:1:5265981:5266765:+:785	15	9	4	21	3	25	5	10	4	19	7	15
Interval_398:1:5271366:5272038:+:673	15	9	10	23	12	21	10	22	14	29	12	40
Interval_399:1:5287807:5287955:+:149	3	3	3	8	2	5	3	4	1	6	1	4
Interval_400:1:5289033:5289873:+:841	43	16	18	44	26	44	18	43	14	41	16	42
Interval_401:1:5293532:5293924:+:393	8	15	19	8	21	4	17	8	16	13	13	12
Interval_402:1:5303445:5303796:+:352	13	4	8	2	9	7	5	8	14	7	9	13
Interval_403:1:5305324:5305754:+:431	19	10	19	26	22	31	15	29	13	30	16	34
Interval_404:1:5312022:5312203:+:182	6	3	3	7	3	3	2	5	2	1	1	4
Interval_405:1:5315258:5315615:+:358	41	15	7	23	14	39	24	65	37	61	29	53
Interval_406:1:5316874:5317312:+:439	21	11	22	13	22	18	13	19	13	14	15	16
Interval_407:1:5323104:5324110:+:1007	28	17	14	39	9	46	10	36	13	38	14	20
Interval_408:1:5330123:5330402:+:280	9	13	15	18	19	38	15	15	15	19	12	19
Interval_409:1:5335050:5335693:+:644	46	59	66	24	95	43	96	74	136	57	79	89
Interval_410:1:5337472:5337970:+:499	97	17	16	70	40	73	46	92	28	80	30	72
Interval_411:1:5341935:5342484:+:550	60	31	31	41	61	67	59	85	75	64	52	46
Interval_412:1:5343132:5343384:+:253	4	2	2	14	4	10	3	11	4	7	1	4
Interval_413:1:5353820:5354121:+:302	7	3	3	9	1	15	5	10	1	4	8	8
Interval_414:1:5359423:5360093:+:671	10	4	6	5	11	4	13	14	7	4	5	9
Interval_415:1:5360562:5361576:+:1015	22	32	44	48	50	33	23	35	29	33	26	47
Interval_416:1:5363951:5364261:+:311	5	9	10	2	7	11	8	9	8	7	14	16
Interval_417:1:5366040:5366787:+:748	35	21	18	36	21	52	22	56	28	59	25	38
Interval_418:1:5383025:5383458:+:434	16	11	15	11	15	24	13	36	14	29	15	29
Interval_419:1:5397356:5398219:+:864	12	15	18	28	7	19	6	25	1	22	11	17
Interval_420:1:5401268:5402023:+:756	5	14	21	18	9	14	5	16	7	19	12	20
Interval_421:1:5412356:5414662:+:2307	304	311	315	254	465	409	373	553	499	443	336	406
Interval_422:1:5430991:5431293:+:303	14	5	11	3	5	10	11	13	11	10	6	14
Interval_423:1:5438811:5439046:+:236	2	1	2	3	2	5	2	6	0	14	1	7
Interval_424:1:5440546:5441077:+:532	19	14	14	3	14	10	17	15	20	6	9	14
Interval_425:1:5447363:5448462:+:1100	147	46	38	70	68	97	60	147	54	148	76	147
Interval_426:1:5451565:5451818:+:254	14	9	1	5	3	9	3	5	0	9	4	6
Interval_427:1:5461400:5463263:+:1864	234	124	115	159	177	313	169	345	208	284	163	245
Interval_428:1:5473740:5475006:+:1267	89	64	57	72	75	89	70	99	98	72	69	92
Interval_429:1:5482496:5482767:+:272	3	2	1	9	2	12	2	7	2	6	3	4
Interval_430:1:5489303:5489804:+:502	5	3	11	13	24	8	6	5	1	8	3	13
Interval_431:1:5493367:5493586:+:220	3	5	9	4	3	4	6	10	2	6	8	2
Interval_432:1:5498011:5499151:+:1141	11	12	11	23	19	23	14	56	18	23	21	22
Interval_433:1:5502210:5502410:+:201	14	8	16	16	11	25	17	33	21	23	22	16
Interval_434:1:5508405:5508671:+:267	11	2	10	10	7	13	4	15	7	16	12	11
Interval_435:1:5513822:5514370:+:549	56	78	180	34	271	58	173	275	168	162	208	102
Interval_436:1:5515784:5516216:+:433	26	9	8	39	23	41	12	25	9	27	15	34
Interval_437:1:5540602:5542126:+:1525	22	13	11	32	8	40	11	14	8	20	14	23
Interval_438:1:5551171:5551450:+:280	14	3	2	5	4	3	1	8	2	10	3	6
Interval_439:1:5558728:5559197:+:470	0	4	5	17	4	3	1	3	4	1	0	6
Interval_440:1:5577541:5577857:+:317	33	28	36	23	44	55	40	77	39	69	59	45
Interval_441:1:5578486:5578769:+:284	11	3	8	16	6	15	8	4	6	5	11	8
Interval_442:1:5584588:5585483:+:896	49	11	18	25	21	29	30	41	17	36	22	45
Interval_443:1:5587468:5587808:+:341	15	13	6	15	15	13	6	8	0	10	4	8
Interval_444:1:5588772:5589163:+:392	16	5	4	23	8	12	5	21	10	8	6	16
Interval_445:1:5599496:5599655:+:160	7	3	2	6	0	5	0	3	1	13	4	4
Interval_446:1:5603998:5604340:+:343	8	3	3	9	9	8	7	4	7	6	4	14
Interval_447:1:5611578:5612967:+:1390	117	34	58	98	89	109	68	118	59	129	73	144
Interval_448:1:5617054:5617505:+:452	26	13	23	40	25	25	24	21	13	26	26	33
Interval_449:1:5622760:5623229:+:470	11	7	10	10	11	7	6	9	4	10	7	14
Interval_450:1:5624869:5625540:+:672	32	17	7	24	16	21	12	24	4	26	12	30
Interval_451:1:5641419:5642423:+:1005	87	44	33	63	54	94	39	87	40	76	53	82
Interval_452:1:5643544:5643746:+:203	2	2	4	12	1	11	1	8	2	6	3	6
Interval_453:1:5648239:5648382:+:144	3	1	2	5	0	1	2	3	1	1	2	1
Interval_454:1:5654667:5655989:+:1323	185	113	73	133	121	184	127	196	148	167	152	190
Interval_455:1:5666051:5666369:+:319	16	3	1	3	4	11	7	11	3	22	5	12
Interval_456:1:5687487:5687713:+:227	0	13	13	3	19	5	27	3	26	4	21	12
Interval_457:1:5703024:5704132:+:1109	25	44	47	21	52	26	38	39	60	46	53	49
Interval_458:1:5706106:5707054:+:949	29	21	30	25	32	37	27	69	31	54	40	58
Interval_459:1:5710153:5710712:+:560	16	21	22	21	46	27	28	32	46	23	28	27
Interval_460:1:5718200:5718344:+:145	5	5	3	2	1	9	4	5	2	7	4	4
Interval_461:1:5719240:5720054:+:815	82	29	39	45	35	59	22	58	21	73	25	35
Interval_462:1:5731282:5731465:+:184	7	7	3	12	4	7	6	12	2	11	7	13
Interval_463:1:5732669:5733224:+:556	13	21	5	27	14	24	11	32	12	17	13	30
Interval_464:1:5739877:5740339:+:463	21	23	16	37	23	35	21	30	18	40	18	52
Interval_465:1:5741016:5741889:+:874	77	144	104	66	184	108	151	131	230	122	104	157
Interval_466:1:5747847:5748515:+:669	41	21	36	24	28	52	50	45	52	73	56	44
Interval_467:1:5831702:5832018:+:317	12	17	14	12	21	19	14	13	8	13	13	20
Interval_468:1:5833120:5833854:+:735	81	36	31	41	37	65	36	111	33	118	53	79
Interval_469:1:5842052:5842721:+:670	356	272	142	275	321	414	217	404	191	458	208	413
Interval_470:1:5851933:5853465:+:1533	234	228	267	233	483	316	375	378	500	333	380	349
Interval_471:1:5854283:5854477:+:195	39	55	58	37	87	64	95	97	128	65	91	100
Interval_472:1:5863432:5864137:+:706	60	80	68	34	119	96	75	128	110	101	85	79
Interval_473:1:5865745:5866102:+:358	18	41	40	14	44	26	29	33	47	25	39	31
Interval_474:1:5867751:5868494:+:744	95	60	33	68	74	89	54	77	63	57	77	109
Interval_475:1:5870143:5870819:+:677	23	14	8	27	15	29	12	26	12	39	9	22
Interval_476:1:5882237:5882395:+:159	7	3	5	5	7	5	2	11	2	7	3	10
Interval_477:1:5890366:5892473:+:2108	547	330	295	529	497	673	450	681	475	594	505	665
Interval_478:1:5894975:5895201:+:227	82	36	42	51	160	81	138	128	184	102	112	109
Interval_479:1:5899106:5899556:+:451	6	14	6	18	2	11	1	3	2	3	5	3
Interval_480:1:5904109:5904387:+:279	0	0	0	2	2	0	5	17	10	5	21	1
Interval_481:1:5905708:5906086:+:379	8	6	6	7	10	3	4	14	13	7	23	10
Interval_482:1:5921180:5921341:+:162	3	58	58	4	110	6	89	35	131	24	52	39
Interval_483:1:5924321:5925820:+:1500	326	323	241	245	428	201	445	442	504	352	407	413
Interval_484:1:5930872:5931317:+:446	15	11	10	18	11	22	11	21	10	24	19	25
Interval_485:1:5931559:5931761:+:203	7	6	7	5	5	15	5	8	5	7	7	14
Interval_486:1:5933022:5934543:+:1522	149	131	134	143	206	126	175	217	202	137	164	182
Interval_487:1:5939151:5939654:+:504	18	14	12	11	12	38	10	19	6	21	8	12
Interval_488:1:5939758:5939936:+:179	6	7	4	2	6	9	5	17	6	6	4	11
Interval_489:1:5942272:5943406:+:1135	23	211	220	49	401	34	336	130	463	84	266	186
Interval_490:1:5953542:5955145:+:1604	251	550	541	223	962	287	798	513	1130	388	646	514
Interval_491:1:5964672:5965336:+:665	3	27	58	6	128	5	70	55	84	31	104	29
Interval_492:1:5973612:5974164:+:553	4	4	7	16	6	4	6	7	7	5	5	6
Interval_493:1:5976954:5977209:+:256	7	49	56	4	101	5	67	28	111	15	49	21
Interval_494:1:5981503:5982059:+:557	157	547	488	133	867	189	600	403	934	275	479	348
Interval_495:1:5988832:5989370:+:539	7	13	25	13	17	19	6	28	12	17	16	20
Interval_496:1:5994403:5996284:+:1882	432	460	377	222	653	479	520	533	592	445	436	465
Interval_497:1:6009147:6009441:+:295	6	0	4	4	9	2	9	19	5	1	15	7
Interval_498:1:6014384:6015068:+:685	9	6	9	24	7	10	2	12	8	15	4	13
Interval_499:1:6020492:6021637:+:1146	251	174	226	123	310	253	276	341	347	354	296	259
Interval_500:1:6024953:6025402:+:450	6	77	56	11	99	11	62	51	124	35	77	30
Interval_501:1:6046187:6047150:+:964	49	22	28	31	38	41	33	46	32	38	27	50
Interval_502:1:6056949:6057153:+:205	3	5	2	5	1	2	2	7	3	5	4	12
Interval_503:1:6058532:6059186:+:655	113	19	24	51	39	115	73	164	47	178	66	105
Interval_504:1:6068844:6069416:+:573	13	46	38	7	80	8	61	13	63	20	31	31
Interval_505:1:6073434:6073920:+:487	16	27	27	20	33	23	27	38	45	18	29	27
Interval_506:1:6082219:6082600:+:382	5	7	2	12	4	31	3	5	2	8	2	8
Interval_507:1:6083647:6083860:+:214	10	2	0	4	3	10	4	13	5	19	6	6
Interval_508:1:6090810:6092274:+:1465	381	282	180	287	323	314	366	487	356	413	319	397
Interval_509:1:6094459:6095158:+:700	136	117	131	119	196	139	217	149	235	162	139	166
Interval_510:1:6105609:6105771:+:163	2	3	4	2	3	10	4	1	2	4	5	2
Interval_511:1:6108698:6108885:+:188	4	3	1	6	2	11	2	6	4	4	0	2
Interval_512:1:6123931:6124699:+:769	142	110	81	120	93	159	108	193	136	126	146	154
Interval_513:1:6128702:6129056:+:355	15	96	129	24	166	12	123	71	176	40	142	50
Interval_514:1:6133871:6134396:+:526	102	71	82	88	104	131	78	166	75	128	70	132
Interval_515:1:6136362:6137098:+:737	91	47	27	34	50	65	40	74	16	70	39	99
Interval_516:1:6149343:6149509:+:167	4	8	3	7	3	6	4	2	2	3	6	1
Interval_517:1:6152509:6153077:+:569	18	12	14	12	32	20	17	33	18	23	11	30
Interval_518:1:6155165:6155467:+:303	12	6	3	5	4	9	8	13	0	9	5	16
Interval_519:1:6155944:6156439:+:496	14	14	8	16	33	13	10	18	1	22	5	23
Interval_520:1:6157855:6158724:+:870	14	17	21	25	10	25	6	19	7	21	11	24
Interval_521:1:6162865:6163277:+:413	14	3	15	13	5	16	2	12	7	6	5	16
Interval_522:1:6180720:6180979:+:260	7	5	3	11	4	15	1	4	6	8	7	6
Interval_523:1:6184934:6185413:+:480	20	10	5	14	9	14	11	23	8	21	2	16
Interval_524:1:6207033:6207319:+:287	3	4	7	2	2	1	1	3	2	1	6	2
Interval_525:1:6218577:6218932:+:356	0	4	1	11	2	3	1	3	2	4	0	0
Interval_526:1:6241704:6242268:+:565	36	24	17	50	26	28	23	25	16	25	21	60
Interval_527:1:6250852:6251467:+:616	10	6	5	8	4	20	9	15	4	17	9	16
Interval_528:1:6253185:6253410:+:226	17	4	5	10	1	15	8	21	6	16	3	11
Interval_529:1:6263583:6265172:+:1590	142	65	67	96	112	154	88	116	66	129	94	108
Interval_530:1:6268971:6270456:+:1486	78	66	88	99	137	70	112	110	109	83	98	104
Interval_531:1:6271432:6272006:+:575	6	9	9	16	5	30	6	9	9	14	12	15
Interval_532:1:6275094:6275463:+:370	15	14	16	12	10	3	8	18	9	5	19	21
Interval_533:1:6279639:6279817:+:179	14	13	2	10	3	9	3	9	2	5	8	5
Interval_534:1:6285140:6285603:+:464	14	28	32	16	39	21	27	32	40	46	41	26
Interval_535:1:6290904:6292581:+:1678	124	88	72	96	109	184	122	144	140	128	92	169
Interval_536:1:6301818:6302338:+:521	60	63	23	48	59	90	36	78	36	81	39	115
Interval_537:1:6304246:6305953:+:1708	121	114	68	105	116	134	117	172	147	119	86	144
Interval_538:1:6311826:6313728:+:1903	234	130	147	212	199	269	197	348	187	271	173	269
Interval_539:1:6314386:6314801:+:416	13	12	20	28	15	37	18	28	15	45	21	31
Interval_540:1:6315512:6315984:+:473	22	32	29	49	65	36	40	62	39	38	37	47
Interval_541:1:6330364:6330615:+:252	1	2	2	9	0	8	3	5	2	4	6	7
Interval_542:1:6356096:6356386:+:291	23	10	13	14	18	31	13	20	24	35	15	34
Interval_543:1:6360398:6361507:+:1110	34	17	18	16	14	41	17	46	14	41	20	59
Interval_544:1:6366600:6367516:+:917	14	14	21	30	6	26	12	26	12	7	14	28
Interval_545:1:6371654:6371880:+:227	1	0	0	2	0	3	2	20	0	3	6	1
Interval_546:1:6393054:6394081:+:1028	27	21	23	28	27	35	36	46	16	28	32	28
Interval_547:1:6401390:6402233:+:844	37	57	57	20	119	27	92	44	102	51	47	55
Interval_548:1:6404424:6405105:+:682	7	39	34	4	54	8	44	34	40	24	18	16
Interval_549:1:6429590:6429928:+:339	2	1	2	11	1	3	0	2	2	2	4	2
Interval_550:1:6431344:6431546:+:203	3	1	4	8	3	3	6	10	3	7	2	2
Interval_551:1:6435168:6435834:+:667	25	15	18	15	23	26	20	47	15	21	20	27
Interval_552:1:6444072:6444464:+:393	11	3	4	5	5	5	9	13	1	12	3	7
Interval_553:1:6451385:6451834:+:450	30	7	14	13	12	26	10	31	12	29	11	17
Interval_554:1:6454780:6455355:+:576	20	51	105	25	91	22	95	107	113	82	86	48
Interval_555:1:6470496:6470661:+:166	4	6	4	7	4	4	4	8	3	6	8	14
Interval_556:1:6481825:6482208:+:384	10	6	12	8	6	10	5	18	7	12	5	11
Interval_557:1:6482948:6483586:+:639	14	10	7	6	3	16	9	22	4	17	9	16
Interval_558:1:6490148:6490779:+:632	93	46	45	44	66	54	60	134	25	109	67	111
Interval_559:1:6494759:6496434:+:1676	188	130	115	142	165	228	131	178	132	209	116	183
Interval_560:1:6503517:6504214:+:698	8	15	17	5	20	4	22	16	25	15	11	11
Interval_561:1:6522948:6523133:+:186	1	1	3	3	1	0	3	2	1	3	2	8
Interval_562:1:6553657:6553813:+:157	5	7	12	19	7	13	4	15	6	9	7	5
Interval_563:1:6556588:6556836:+:249	11	16	25	30	19	15	20	36	15	23	22	33
Interval_564:1:6561072:6561219:+:148	3	10	10	27	0	6	1	7	5	7	3	5
Interval_565:1:6609736:6610174:+:439	12	7	16	38	7	4	12	24	12	21	12	19
Interval_566:1:6617516:6618343:+:828	45	20	18	32	19	37	21	58	16	52	25	40
Interval_567:1:6622381:6622531:+:151	4	2	1	8	4	0	1	1	0	3	4	4
Interval_568:1:6624504:6624676:+:173	1	9	1	11	2	7	1	4	1	6	3	8
Interval_569:1:6626430:6626661:+:232	10	10	7	4	12	18	3	14	3	8	3	9
Interval_570:1:6629550:6630100:+:551	82	44	48	53	55	95	43	90	49	75	37	85
Interval_571:1:6633480:6633927:+:448	23	40	25	24	33	55	22	35	33	31	20	41
Interval_572:1:6637358:6638239:+:882	22	231	85	29	158	24	86	43	248	27	70	115
Interval_573:1:6641099:6641921:+:823	24	23	18	37	22	28	13	26	16	38	19	33
Interval_574:1:6645720:6646666:+:947	175	135	65	96	129	141	121	220	107	189	92	177
Interval_575:1:6671873:6672179:+:307	23	61	44	31	54	55	43	82	99	73	41	53
Interval_576:1:6675708:6677049:+:1342	86	171	83	78	157	95	85	126	189	104	90	152
Interval_577:1:6677673:6677929:+:257	7	7	7	13	10	17	6	12	7	18	6	13
Interval_578:1:6681949:6682436:+:488	3	6	10	1	15	5	25	18	12	21	10	19
Interval_579:1:6698331:6698478:+:148	1	2	6	3	2	2	0	1	0	0	2	0
Interval_580:1:6719353:6719495:+:143	5	7	1	9	7	6	4	3	3	7	0	2
Interval_581:1:6724769:6725336:+:568	18	16	8	23	10	24	6	17	7	15	8	29
Interval_582:1:6726492:6726713:+:222	5	5	4	2	5	10	5	3	4	2	1	5
Interval_583:1:6727477:6728009:+:533	18	27	14	24	14	26	15	19	25	23	13	29
Interval_584:1:6733185:6733955:+:771	77	183	84	54	159	52	168	123	274	97	81	121
Interval_585:1:6735404:6735929:+:526	18	64	21	9	44	29	46	18	102	29	17	25
Interval_586:1:6739773:6740569:+:797	86	48	33	63	64	97	56	154	44	111	54	78
Interval_587:1:6741393:6742419:+:1027	84	66	35	58	66	76	64	96	97	92	62	97
Interval_588:1:6743155:6744055:+:901	49	58	49	37	52	40	41	98	67	72	46	92
Interval_589:1:6754470:6754711:+:242	10	8	5	6	8	11	11	12	13	7	3	5
Interval_590:1:6762595:6762880:+:286	13	15	8	23	16	18	11	9	13	18	6	17
Interval_591:1:6763979:6764368:+:390	90	31	25	60	50	70	36	71	28	59	39	81
Interval_592:1:6766611:6768541:+:1931	437	441	308	412	527	592	416	654	627	588	405	678
Interval_593:1:6776003:6776956:+:954	94	24	34	63	44	104	53	98	26	114	42	93
Interval_594:1:6789824:6789976:+:153	11	6	1	13	3	15	2	8	3	16	1	6
Interval_595:1:6792930:6793241:+:312	18	6	0	14	4	23	9	18	5	14	6	9
Interval_596:1:6795577:6795817:+:241	9	5	5	2	4	12	6	9	2	13	2	11
Interval_597:1:6810202:6811368:+:1167	165	189	140	107	199	166	181	195	300	147	182	237
Interval_598:1:6816439:6816764:+:326	29	27	21	33	30	38	34	52	36	41	32	41
Interval_599:1:6822888:6824453:+:1566	134	80	50	179	83	228	67	191	73	191	109	205
Interval_600:1:6832460:6833330:+:871	54	21	25	47	44	89	51	75	53	71	36	77
Interval_601:1:6842144:6843025:+:882	17	16	10	15	14	20	19	19	11	22	7	22
Interval_602:1:6845937:6846315:+:379	10	2	1	11	2	9	3	10	3	6	5	4
Interval_603:1:6866353:6867620:+:1268	60	52	26	51	44	35	37	58	66	69	24	58
Interval_604:1:6870549:6870997:+:449	17	13	6	12	19	17	3	22	9	25	12	22
Interval_605:1:6877167:6877564:+:398	13	8	5	12	6	12	10	24	4	8	5	13
Interval_606:1:6889917:6890647:+:731	30	12	7	23	13	26	15	32	13	34	21	24
Interval_607:1:6894581:6895336:+:756	22	19	9	28	21	28	12	44	15	42	15	31
Interval_608:1:6896015:6896211:+:197	0	9	0	1	0	3	1	3	0	3	1	1
Interval_609:1:6899635:6900109:+:475	43	9	2	12	1	21	7	32	5	20	7	23
Interval_610:1:6923355:6923546:+:192	14	1	4	1	2	7	5	0	2	8	2	7
Interval_611:1:6925874:6926332:+:459	32	5	4	11	7	22	15	44	3	39	8	26
Interval_612:1:6928662:6928875:+:214	9	4	4	9	3	11	11	24	6	20	7	14
Interval_613:1:6930390:6931609:+:1220	51	166	122	36	173	38	161	92	240	71	80	113
Interval_614:1:6933823:6934360:+:538	12	7	6	14	8	3	4	12	6	15	4	8
Interval_615:1:6949933:6950778:+:846	16	13	4	9	2	11	8	14	7	30	2	14
Interval_616:1:6958962:6960287:+:1326	48	113	43	43	90	63	61	61	138	58	49	69
Interval_617:1:6969487:6969950:+:464	50	22	17	14	34	29	39	41	31	32	25	40
Interval_618:1:7004732:7005052:+:321	0	7	12	6	6	1	2	6	4	3	6	4
Interval_619:1:7017331:7017838:+:508	2	10	14	4	6	4	2	1	2	3	5	1
Interval_620:1:7019234:7019746:+:513	13	23	14	14	8	13	13	4	14	23	12	16
Interval_621:1:7024955:7026029:+:1075	12	52	19	5	21	13	54	58	51	34	27	24
Interval_622:1:7031487:7032197:+:711	11	180	62	9	114	4	108	61	316	45	65	60
Interval_623:1:7043362:7043849:+:488	11	7	15	18	4	13	8	18	13	8	12	22
Interval_624:1:7044908:7045973:+:1066	10	28	24	19	32	18	22	27	25	33	24	36
Interval_625:1:7070653:7070885:+:233	19	8	3	10	3	10	13	15	6	20	5	19
Interval_626:1:7102282:7103685:+:1404	59	17	20	30	23	52	36	56	46	61	21	47
Interval_627:1:7105275:7105946:+:672	9	46	48	16	42	18	56	58	92	46	71	52
Interval_628:1:7121330:7121478:+:149	4	5	4	2	5	12	4	4	2	5	2	4
Interval_629:1:7131489:7132486:+:998	23	10	8	23	18	20	15	19	9	21	10	17
Interval_630:1:7146393:7146592:+:200	1	1	2	9	2	0	4	3	2	2	0	4
Interval_631:1:7163577:7164832:+:1256	22	31	46	21	53	24	54	37	56	31	38	35
Interval_632:1:7165694:7166293:+:600	33	68	56	13	104	50	100	89	113	65	72	108
Interval_633:1:7172928:7173160:+:233	4	5	7	12	4	2	5	11	2	5	9	12
Interval_634:1:7174639:7175856:+:1218	35	119	60	26	93	34	112	79	213	47	70	90
Interval_635:1:7182084:7182547:+:464	13	8	6	7	7	9	5	15	10	9	7	16
Interval_636:1:7197041:7197929:+:889	7	12	13	8	19	10	21	22	19	18	23	14
Interval_637:1:7200322:7201018:+:697	30	34	31	29	43	26	33	35	61	41	35	44
Interval_638:1:7201911:7202115:+:205	1	13	4	4	4	6	5	5	10	5	8	3
Interval_639:1:7203932:7204118:+:187	12	22	12	8	14	13	12	23	11	24	15	10
Interval_640:1:7221812:7222464:+:653	14	27	33	13	47	12	44	16	84	14	20	31
Interval_641:1:7228848:7229082:+:235	5	11	14	7	11	12	15	21	16	13	20	9
Interval_642:1:7233109:7234520:+:1412	65	835	467	50	787	76	690	280	1297	158	335	300
Interval_643:1:7237687:7238480:+:794	70	119	71	38	113	60	84	157	168	126	104	80
Interval_644:1:7239560:7239981:+:422	3	17	7	4	14	2	21	9	35	10	12	19
Interval_645:1:7243098:7243258:+:161	4	6	2	9	3	8	2	9	0	15	2	16
Interval_646:1:7245070:7246120:+:1051	14	28	23	11	27	21	30	23	40	30	26	46
Interval_647:1:7271725:7272329:+:605	11	11	8	11	16	10	14	17	6	30	9	10
Interval_648:1:7273202:7273455:+:254	8	6	4	3	5	4	8	7	11	16	3	8
Interval_649:1:7285984:7287739:+:1756	34	36	17	39	19	39	32	50	41	51	29	51
Interval_650:1:7291922:7293145:+:1224	49	105	62	58	93	58	79	89	148	96	73	98
Interval_651:1:7309737:7310154:+:418	7	4	9	8	3	6	2	18	2	16	6	14
Interval_652:1:7321106:7321663:+:558	5	10	4	18	4	14	4	17	2	6	5	13
Interval_653:1:7334967:7335674:+:708	53	33	21	18	25	66	54	54	49	46	22	38
Interval_654:1:7337139:7337361:+:223	1	6	7	0	3	3	4	2	2	7	3	5
Interval_655:1:7384570:7384721:+:152	1	1	5	0	0	1	0	0	1	0	2	0
Interval_656:1:7388979:7389401:+:423	33	6	3	12	3	15	19	31	11	13	11	16
Interval_657:1:7393635:7393801:+:167	1	4	6	1	0	2	0	1	3	3	0	0
Interval_658:1:7419719:7420742:+:1024	121	79	79	76	111	122	132	161	157	134	132	161
Interval_659:1:7428276:7428490:+:215	32	9	9	25	12	24	18	41	5	26	18	27
Interval_660:1:7431313:7433161:+:1849	478	213	187	262	360	459	395	604	307	617	277	439
Interval_661:1:7443633:7444565:+:933	17	5	18	19	10	21	11	48	9	45	20	33
Interval_662:1:7450637:7451603:+:967	203	157	107	108	120	152	153	231	78	118	159	186
Interval_663:1:7457405:7457624:+:220	2	1	11	2	3	4	4	14	6	6	11	9
Interval_664:1:7460327:7460788:+:462	7	11	2	22	6	12	4	12	6	5	4	14
Interval_665:1:7465570:7465728:+:159	2	1	3	1	0	0	0	1	2	2	0	7
Interval_666:1:7472135:7473117:+:983	42	11	12	28	22	52	17	44	11	59	19	34
Interval_667:1:7474322:7474504:+:183	1	2	2	2	1	10	1	1	1	2	3	3
Interval_668:1:7485436:7485769:+:334	13	10	5	5	4	14	3	10	5	19	1	17
Interval_669:1:7486816:7487096:+:281	10	9	5	11	12	14	13	17	13	20	16	23
Interval_670:1:7507780:7508183:+:404	7	4	10	17	7	12	4	6	4	11	4	9
Interval_671:1:7512934:7513405:+:472	8	8	6	15	2	15	9	3	2	11	11	6
Interval_672:1:7521756:7522069:+:314	8	0	0	7	7	22	3	4	1	6	4	5
Interval_673:1:7528750:7529288:+:539	5	5	16	14	10	25	14	18	13	12	8	19
Interval_674:1:7535684:7535868:+:185	17	3	4	4	8	7	2	13	2	13	5	9
Interval_675:1:7537134:7537374:+:241	3	5	3	5	3	10	7	5	5	8	4	4
Interval_676:1:7538599:7539471:+:873	36	7	14	28	27	20	15	25	4	26	14	28
Interval_677:1:7553359:7553564:+:206	5	3	2	2	2	2	1	11	7	5	6	6
Interval_678:1:7558775:7558953:+:179	2	5	3	9	0	4	5	5	1	3	3	3
Interval_679:1:7564225:7564763:+:539	1	5	10	3	0	5	1	2	3	2	1	2
Interval_680:1:7566640:7567112:+:473	3	8	12	7	3	11	14	9	11	3	5	1
Interval_681:1:7568102:7568255:+:154	3	4	9	1	1	3	4	1	2	3	3	5
Interval_682:1:7570694:7570996:+:303	6	6	12	10	5	9	5	16	8	11	12	16
Interval_683:1:7580555:7581937:+:1383	58	41	31	46	40	54	62	68	53	73	47	59
Interval_684:1:7585714:7586004:+:291	15	2	4	6	7	10	7	17	4	18	5	6
Interval_685:1:7592140:7592704:+:565	3	6	13	8	5	7	3	6	3	7	4	2
Interval_686:1:7604404:7605246:+:843	175	203	243	76	427	112	394	308	348	229	263	233
Interval_687:1:7606623:7606840:+:218	25	18	11	18	12	21	8	35	10	21	17	13
Interval_688:1:7608534:7609075:+:542	10	57	46	3	114	9	148	13	139	19	52	34
Interval_689:1:7610479:7610796:+:318	19	14	9	18	16	13	13	15	16	19	10	31
Interval_690:1:7630019:7630417:+:399	5	3	1	12	4	6	1	10	3	8	7	4
Interval_691:1:7660525:7661600:+:1076	16	16	32	24	15	25	41	33	19	25	27	30
Interval_692:1:7663409:7663587:+:179	2	5	2	0	2	3	0	6	0	2	2	3
Interval_693:1:7665278:7666367:+:1090	32	34	38	53	27	20	47	35	24	37	32	52
Interval_694:1:7667715:7668258:+:544	7	13	21	11	5	8	6	15	14	16	14	15
Interval_695:1:7670023:7670579:+:557	23	41	50	41	18	28	38	39	27	33	34	41
Interval_696:1:7683446:7683812:+:367	11	23	11	10	7	13	8	12	2	11	6	18
Interval_697:1:7685269:7685580:+:312	4	20	13	14	5	7	15	12	6	6	18	12
Interval_698:1:7690156:7690492:+:337	4	8	16	11	6	8	10	12	7	4	11	6
Interval_699:1:7726570:7726738:+:169	8	0	3	10	8	7	1	6	4	10	5	6
Interval_700:1:7748371:7748804:+:434	16	9	6	14	19	8	25	21	14	19	9	16
Interval_701:1:7753039:7753284:+:246	36	4	3	17	10	19	12	26	10	24	4	16
Interval_702:1:7762931:7763480:+:550	12	5	9	18	3	15	3	8	4	5	6	8
Interval_703:1:7802044:7802190:+:147	0	0	0	5	1	1	2	1	1	0	0	0
Interval_704:1:7802816:7803236:+:421	12	6	5	10	6	13	6	10	6	6	6	12
Interval_705:1:7806516:7806723:+:208	7	2	7	8	7	10	9	14	4	3	13	5
Interval_706:1:7819101:7819346:+:246	1	3	10	4	2	7	4	4	0	5	3	3
Interval_707:1:7823479:7824926:+:1448	45	32	20	45	26	64	29	54	25	70	32	62
Interval_708:1:7826474:7826748:+:275	5	6	8	13	5	12	7	14	8	13	7	16
Interval_709:1:7829033:7829917:+:885	9	20	39	14	14	23	24	35	28	22	32	24
Interval_710:1:7858788:7859206:+:419	21	24	19	11	31	30	18	24	12	30	19	25
Interval_711:1:7861591:7861754:+:164	2	6	4	1	5	6	3	3	1	1	1	3
Interval_712:1:7872402:7872867:+:466	8	3	15	3	6	7	7	16	4	12	3	4
Interval_713:1:7881848:7882478:+:631	68	37	39	50	46	75	71	75	35	78	35	73
Interval_714:1:7884166:7884303:+:138	11	8	3	12	2	9	3	6	3	9	3	6
Interval_715:1:7929185:7931182:+:1998	94	51	33	71	56	93	54	136	29	115	50	121
Interval_716:1:7934371:7934565:+:195	3	5	9	3	4	12	5	12	4	8	3	6
Interval_717:1:7935059:7936459:+:1401	45	31	20	33	25	38	30	51	27	44	31	34
Interval_718:1:7942989:7943282:+:294	9	2	3	12	5	16	5	7	2	7	5	8
Interval_719:1:7949056:7949258:+:203	1	0	5	4	1	3	1	2	0	3	1	2
Interval_720:1:7964716:7965554:+:839	56	33	11	45	24	96	21	57	18	50	27	36
Interval_721:1:7967630:7967862:+:233	22	8	20	18	11	43	17	21	20	18	15	29
Interval_722:1:7969135:7969449:+:315	13	9	6	9	3	16	4	6	5	21	5	13
Interval_723:1:7969814:7970402:+:589	17	9	7	31	9	23	7	19	7	18	9	30
Interval_724:1:7979255:7979484:+:230	7	1	5	3	2	4	0	4	1	2	2	0
Interval_725:1:7991838:7992193:+:356	5	2	2	16	3	6	5	8	3	6	3	5
Interval_726:1:8002074:8002293:+:220	5	4	0	8	1	10	4	3	1	5	0	4
Interval_727:1:8015315:8017086:+:1772	149	68	49	100	69	152	49	120	45	141	56	113
Interval_728:1:8023181:8024314:+:1134	124	78	72	84	116	115	115	139	92	114	106	166
Interval_729:1:8032335:8032558:+:224	1	8	3	4	1	2	0	3	2	1	3	0
Interval_730:1:8035887:8036735:+:849	28	15	13	19	10	30	12	18	11	20	15	26
Interval_731:1:8056058:8057777:+:1720	132	48	48	85	67	129	62	170	37	151	79	133
Interval_732:1:8068412:8069897:+:1486	45	35	11	21	21	34	17	36	19	37	22	30
Interval_733:1:8077580:8077969:+:390	7	6	4	5	2	5	2	12	4	4	8	7
Interval_734:1:8084456:8086790:+:2335	1309	825	667	645	1481	1264	1199	1688	1266	1516	1176	1447
Interval_735:1:8102542:8102733:+:192	6	4	3	6	2	4	3	12	1	9	7	2
Interval_736:1:8113003:8113454:+:452	14	12	21	29	20	17	13	23	8	19	11	35
Interval_737:1:8115173:8115719:+:547	25	33	28	11	21	17	29	62	34	46	32	33
Interval_738:1:8119859:8121772:+:1914	149	96	64	107	101	109	59	182	53	163	69	138
Interval_739:1:8125974:8126654:+:681	123	48	33	77	87	113	78	149	47	150	84	107
Interval_740:1:8131612:8131771:+:160	7	1	1	1	6	6	2	5	1	8	2	4
Interval_741:1:8150204:8152052:+:1849	41	20	25	27	31	43	25	41	7	35	14	50
Interval_742:1:8157434:8158209:+:776	112	37	54	88	69	157	91	165	83	134	70	119
Interval_743:1:8162964:8163141:+:178	7	2	1	3	3	7	2	7	0	4	4	5
Interval_744:1:8171534:8172111:+:578	10	1	2	9	4	15	4	11	9	12	1	13
Interval_745:1:8176186:8176387:+:202	7	1	1	7	2	12	7	21	2	15	3	5
Interval_746:1:8184746:8185166:+:421	17	7	5	21	11	14	9	23	3	13	8	17
Interval_747:1:8190525:8190770:+:246	4	1	3	4	1	7	5	4	2	14	2	8
Interval_748:1:8205918:8206298:+:381	10	3	13	6	14	6	9	18	0	6	6	17
Interval_749:1:8216867:8217734:+:868	38	19	4	20	6	23	20	39	8	23	11	20
Interval_750:1:8227067:8227261:+:195	2	2	1	5	1	5	2	13	2	9	2	4
Interval_751:1:8236139:8236558:+:420	16	4	6	11	11	13	4	11	3	10	2	17
Interval_752:1:8244585:8244983:+:399	8	2	7	10	2	4	7	19	6	24	4	9
Interval_753:1:8252836:8253230:+:395	10	10	7	8	4	7	8	19	5	12	14	6
Interval_754:1:8254167:8254375:+:209	2	2	9	5	1	0	1	14	2	5	3	3
Interval_755:1:8259433:8259595:+:163	3	3	1	9	1	4	1	0	0	3	5	2
Interval_756:1:8264526:8265382:+:857	79	31	28	72	37	89	40	85	24	82	29	69
Interval_757:1:8341766:8342652:+:887	25	30	29	25	16	26	24	57	43	49	38	40
Interval_758:1:8424268:8424894:+:627	23	12	15	12	19	21	19	23	35	13	21	41
Interval_759:1:8426141:8426284:+:144	1	4	5	8	1	6	5	4	1	4	5	6
Interval_760:1:8433417:8433822:+:406	35	25	24	26	30	35	40	60	50	49	32	50
Interval_761:1:8469371:8469554:+:184	5	2	2	10	3	5	3	6	1	12	5	8
Interval_762:1:8500346:8500590:+:245	1	5	3	8	4	5	3	1	1	3	4	2
Interval_763:1:8501678:8501899:+:222	4	7	3	3	2	14	3	7	3	5	1	4
Interval_764:1:8508879:8509025:+:147	4	2	9	2	2	2	1	2	1	4	3	1
Interval_765:1:8517883:8518410:+:528	69	76	42	76	71	81	56	110	97	84	70	108
Interval_766:1:8522331:8523656:+:1326	135	101	80	94	133	128	131	184	130	144	146	155
Interval_767:1:8529542:8529861:+:320	6	3	6	10	1	7	2	3	2	2	2	1
Interval_768:1:8530367:8530948:+:582	9	10	6	9	15	16	14	23	14	8	23	27
Interval_769:1:8537842:8538817:+:976	105	181	142	52	275	101	195	166	338	123	196	164
Interval_770:1:8543284:8543673:+:390	12	74	137	9	220	21	142	52	169	42	92	52
Interval_771:1:8546297:8546849:+:553	31	76	81	18	108	37	99	58	176	60	91	60
Interval_772:1:8551962:8552574:+:613	3	49	76	11	122	12	61	71	98	41	89	28
Interval_773:1:8555018:8555535:+:518	12	14	15	8	23	6	31	24	27	8	22	20
Interval_774:1:8556176:8557208:+:1033	14	23	26	18	25	15	25	29	26	22	38	38
Interval_775:1:8566857:8567564:+:708	8	6	18	11	15	10	10	5	14	11	6	8
Interval_776:1:8572791:8573564:+:774	13	9	8	10	11	25	12	27	18	26	10	31
Interval_777:1:8577512:8577997:+:486	8	11	10	9	12	4	14	6	7	6	17	10
Interval_778:1:8578433:8579640:+:1208	25	8	25	24	15	19	20	81	14	47	40	41
Interval_779:1:8596701:8597575:+:875	40	26	21	18	22	51	25	59	27	54	35	39
Interval_780:1:8598490:8599732:+:1243	49	23	32	31	32	42	36	76	25	63	44	45
Interval_781:1:8602784:8603444:+:661	34	14	20	13	30	42	21	54	22	47	25	30
Interval_782:1:8605912:8606463:+:552	34	361	339	24	506	42	356	295	678	174	264	191
Interval_783:1:8609497:8609741:+:245	28	17	19	7	20	19	21	22	27	27	17	9
Interval_784:1:8611583:8613012:+:1430	80	103	76	33	100	68	99	138	148	98	98	92
Interval_785:1:8618323:8619101:+:779	18	11	14	24	24	27	22	43	21	35	31	30
Interval_786:1:8619847:8620224:+:378	23	15	16	17	13	24	15	29	21	19	23	22
Interval_787:1:8620810:8622127:+:1318	74	130	149	41	206	65	181	147	239	94	166	115
Interval_788:1:8623976:8624397:+:422	12	98	95	7	215	18	136	45	260	37	122	67
Interval_789:1:8630252:8630499:+:248	8	9	7	4	6	14	17	13	10	13	8	14
Interval_790:1:8633368:8634964:+:1597	21	54	39	24	45	42	50	35	106	31	49	57
Interval_791:1:8639741:8640629:+:889	37	346	332	36	609	38	485	286	758	183	430	205
Interval_792:1:8643438:8643898:+:461	7	126	113	15	247	9	153	44	267	21	100	63
Interval_793:1:8648056:8649338:+:1283	51	158	172	40	237	59	191	108	274	96	203	86
Interval_794:1:8654620:8654807:+:188	2	2	8	2	1	3	4	3	2	6	5	3
Interval_795:1:8665438:8666252:+:815	211	179	171	115	302	193	239	190	305	254	159	265
Interval_796:1:8667315:8667557:+:243	23	26	29	24	27	31	46	40	45	30	37	41
Interval_797:1:8675792:8676523:+:732	32	15	13	31	30	39	15	50	15	41	17	43
Interval_798:1:8678281:8679044:+:764	24	27	13	19	18	30	23	32	21	25	24	36
Interval_799:1:8679931:8680196:+:266	5	4	1	14	3	7	1	15	4	10	5	8
Interval_800:1:8689550:8689875:+:326	14	13	11	5	16	5	4	17	9	20	6	15
Interval_801:1:8693364:8693742:+:379	6	7	4	12	0	16	2	3	4	8	9	2
Interval_802:1:8705288:8705956:+:669	58	18	10	23	20	38	33	68	14	33	28	43
Interval_803:1:8731709:8732634:+:926	14	13	10	28	9	21	11	14	8	12	6	21
Interval_804:1:8744985:8746830:+:1846	381	300	194	307	404	471	394	460	422	457	363	472
Interval_805:1:8747755:8748278:+:524	62	24	16	30	40	43	44	90	44	65	50	65
Interval_806:1:8769460:8770876:+:1417	88	36	27	66	40	113	47	94	25	101	34	84
Interval_807:1:8772109:8772769:+:661	55	11	14	50	36	104	22	74	15	67	22	35
Interval_808:1:8781770:8782668:+:899	119	68	55	77	88	117	77	123	90	120	81	150
Interval_809:1:8800420:8801188:+:769	7	6	13	14	3	4	5	5	3	2	9	6
Interval_810:1:8844010:8844306:+:297	31	26	19	36	23	29	36	51	32	40	27	43
Interval_811:1:8848664:8849107:+:444	41	22	30	37	26	51	51	57	48	63	34	61
Interval_812:1:8852770:8852990:+:221	2	1	9	1	0	2	2	2	1	5	0	2
Interval_813:1:8865534:8865696:+:163	0	4	1	5	0	6	1	5	0	10	2	3
Interval_814:1:8915785:8916242:+:458	10	4	4	7	10	5	10	11	4	21	4	13
Interval_815:1:8920479:8921565:+:1087	28	11	12	31	6	46	23	32	12	32	11	23
Interval_816:1:8925963:8926978:+:1016	36	35	41	31	65	47	63	71	65	37	67	54
Interval_817:1:8930510:8930644:+:135	1	6	8	3	5	3	5	3	16	3	6	6
Interval_818:1:8937460:8938132:+:673	75	63	47	41	58	78	85	82	74	62	57	67
Interval_819:1:8959582:8960763:+:1182	159	112	101	103	122	220	135	185	146	168	133	163
Interval_820:1:8974703:8975484:+:782	14	13	22	18	32	31	13	25	15	16	10	24
Interval_821:1:8986668:8987559:+:892	23	24	39	12	91	20	65	31	80	32	49	41
Interval_822:1:8993376:8993780:+:405	7	1	6	8	4	13	6	7	2	3	7	10
Interval_823:1:8995390:8996149:+:760	32	8	15	23	17	25	25	28	17	20	20	26
Interval_824:1:8997818:8998324:+:507	5	4	4	5	2	12	2	16	4	7	5	20
Interval_825:1:9078458:9079016:+:559	26	19	19	16	11	22	19	27	20	28	19	23
Interval_826:1:9099738:9100063:+:326	1	1	9	2	0	0	2	2	0	2	2	2
Interval_827:1:9103563:9104156:+:594	23	9	8	16	12	26	8	31	6	31	18	30
Interval_828:1:9104813:9105426:+:614	4	2	4	18	2	5	3	8	2	8	8	9
Interval_829:1:9117629:9117802:+:174	5	5	2	12	2	5	4	2	1	2	1	6
Interval_830:1:9134070:9134391:+:322	11	2	3	9	9	17	3	10	5	15	5	18
Interval_831:1:9153513:9155643:+:2131	46	26	11	67	15	87	20	33	10	27	22	38
Interval_832:1:9176925:9177181:+:257	5	4	2	5	4	5	8	12	2	6	3	8
Interval_833:1:9196323:9196482:+:160	35	20	30	29	30	43	32	46	34	47	34	36
Interval_834:1:9241176:9241405:+:230	5	3	9	6	3	4	6	5	1	5	4	13
Interval_835:1:9276606:9276970:+:365	4	6	18	11	8	10	11	10	7	6	5	20
Interval_836:1:9315089:9315831:+:743	15	7	7	20	7	24	6	17	6	18	4	8
Interval_837:1:9338344:9338544:+:201	4	4	2	2	3	3	3	2	4	11	1	5
Interval_838:1:9345443:9345692:+:250	6	3	9	10	5	7	7	20	4	15	10	14
Interval_839:1:9352734:9353071:+:338	6	3	14	5	7	2	4	20	6	7	11	11
Interval_840:1:9355982:9356208:+:227	5	7	9	11	8	3	12	11	7	2	12	9
Interval_841:1:9368509:9368983:+:475	12	6	6	8	5	26	13	18	7	20	7	25
Interval_842:1:9379939:9380442:+:504	17	18	20	16	12	23	26	35	14	23	24	32
Interval_843:1:9390634:9391053:+:420	58	17	25	30	51	61	38	63	37	69	35	53
Interval_844:1:9393291:9393806:+:516	14	17	34	10	66	14	34	45	37	32	47	25
Interval_845:1:9409037:9410310:+:1274	63	61	49	64	71	80	65	70	61	67	75	93
Interval_846:1:9411516:9412339:+:824	23	16	19	34	34	26	28	47	23	49	34	67
Interval_847:1:9416840:9417395:+:556	39	12	11	27	25	35	15	23	9	25	8	53
Interval_848:1:9431163:9431573:+:411	3	3	3	9	3	4	4	1	0	2	0	2
Interval_849:1:9437226:9437372:+:147	1	2	8	2	3	2	4	4	1	1	2	3
Interval_850:1:9439424:9439599:+:176	14	3	3	7	13	9	4	10	0	9	2	8
Interval_851:1:9448762:9450084:+:1323	53	88	57	39	80	52	86	95	103	59	69	72
Interval_852:1:9481621:9481832:+:212	44	20	20	27	28	39	37	39	24	37	18	43
Interval_853:1:9486062:9486522:+:461	39	24	18	27	38	39	18	37	19	44	14	37
Interval_854:1:9491009:9491581:+:573	118	98	105	91	172	176	146	212	144	175	127	175
Interval_855:1:9493475:9494538:+:1064	149	95	74	106	126	153	111	175	124	134	121	145
Interval_856:1:9496096:9497108:+:1013	193	130	99	155	175	249	177	220	156	192	177	207
Interval_857:1:9525663:9526398:+:736	21	11	11	32	33	38	13	30	16	14	15	27
Interval_858:1:9527084:9528279:+:1196	128	94	91	151	132	210	127	175	136	157	139	169
Interval_859:1:9539390:9539577:+:188	3	1	3	8	1	4	0	4	1	0	4	2
Interval_860:1:9548879:9550447:+:1569	94	67	46	81	94	135	66	114	64	81	73	109
Interval_861:1:9558172:9558922:+:751	47	61	29	59	49	103	29	91	29	107	43	102
Interval_862:1:9560545:9561031:+:487	57	39	26	84	22	80	34	82	32	106	20	80
Interval_863:1:9563273:9563593:+:321	13	14	5	14	29	27	25	36	37	17	44	31
Interval_864:1:9564368:9564633:+:266	42	29	19	37	43	36	45	46	60	42	34	58
Interval_865:1:9569409:9569547:+:139	5	9	4	3	13	12	12	9	25	17	10	14
Interval_866:1:9616192:9617308:+:1117	177	214	228	220	268	257	278	380	424	296	355	375
Interval_867:1:9634291:9636227:+:1937	210	265	219	136	337	234	291	281	444	240	254	281
Interval_868:1:9643415:9645216:+:1802	61	503	360	54	851	55	498	301	963	183	334	243
Interval_869:1:9646031:9646366:+:336	21	30	25	15	39	14	32	44	44	44	49	20
Interval_870:1:9647932:9648589:+:658	37	36	36	39	68	30	49	58	85	65	65	56
Interval_871:1:9652538:9654593:+:2056	286	387	364	200	633	365	512	489	744	384	432	420
Interval_872:1:9655187:9655413:+:227	29	14	17	15	25	46	29	31	29	32	10	44
Interval_873:1:9658858:9659608:+:751	18	53	25	10	59	16	31	43	93	29	33	29
Interval_874:1:9664791:9665555:+:765	16	24	16	16	22	21	10	28	34	28	18	15
Interval_875:1:9670984:9671192:+:209	2	9	2	3	11	1	9	1	14	4	3	2
Interval_876:1:9674037:9674373:+:337	7	36	11	5	26	7	10	7	11	16	5	7
Interval_877:1:9676952:9677898:+:947	4	33	28	11	55	4	30	61	71	24	45	23
Interval_878:1:9702218:9704059:+:1842	167	225	176	135	245	204	205	301	317	233	210	243
Interval_879:1:9711613:9712171:+:559	116	71	57	70	73	105	69	131	93	120	70	118
Interval_880:1:9721412:9721703:+:292	6	5	2	14	6	5	2	7	1	6	3	10
Interval_881:1:9724169:9724535:+:367	7	5	10	3	5	1	4	7	5	4	11	4
Interval_882:1:9727535:9728137:+:603	66	8	9	28	12	54	21	61	12	55	24	28
Interval_883:1:9731714:9732250:+:537	78	21	18	69	23	77	40	87	30	74	23	55
Interval_884:1:9733445:9735162:+:1718	559	279	349	299	682	638	498	473	472	499	402	432
Interval_885:1:9735919:9737043:+:1125	148	137	92	74	179	154	156	143	214	125	167	130
Interval_886:1:9739063:9739198:+:136	15	7	16	17	24	22	27	24	33	18	31	22
Interval_887:1:9741840:9742211:+:372	36	4	3	31	8	54	15	29	13	35	17	37
Interval_888:1:9744376:9745387:+:1012	63	89	98	57	182	68	142	84	139	112	150	116
Interval_889:1:9749266:9750134:+:869	69	27	19	30	17	47	29	58	25	68	41	47
Interval_890:1:9754901:9756142:+:1242	199	187	169	133	412	183	323	255	351	256	215	218
Interval_891:1:9768070:9769023:+:954	28	8	9	29	9	34	10	35	7	36	12	32
Interval_892:1:9772052:9773251:+:1200	53	27	18	28	15	58	20	51	13	40	26	26
Interval_893:1:9776589:9777296:+:708	61	23	19	40	27	71	34	83	23	70	30	61
Interval_894:1:9777948:9778205:+:258	9	2	4	8	0	11	4	19	2	12	6	12
Interval_895:1:9785551:9786406:+:856	76	68	70	55	96	94	73	159	64	158	73	132
Interval_896:1:9789370:9789614:+:245	4	2	60	7	77	7	44	4	31	6	73	16
Interval_897:1:9791455:9792420:+:966	147	81	85	82	129	118	115	175	113	147	114	177
Interval_898:1:9792927:9794638:+:1712	149	117	122	134	170	169	130	203	189	186	181	177
Interval_899:1:9798101:9798929:+:829	26	23	50	39	47	32	43	34	45	48	48	50
Interval_900:1:9810467:9811448:+:982	23	10	17	23	28	38	17	26	17	30	19	36
Interval_901:1:9812233:9813312:+:1080	64	38	56	31	72	63	68	92	74	86	86	70
Interval_902:1:9916569:9916773:+:205	10	4	6	11	3	7	4	8	6	13	8	6
Interval_903:1:9917627:9917811:+:185	4	0	5	7	1	10	2	5	1	4	3	4
Interval_904:1:9920594:9921731:+:1138	64	24	39	43	50	78	41	99	48	84	53	64
Interval_905:1:9924312:9925962:+:1651	87	45	45	38	56	79	59	86	45	72	51	96
Interval_906:1:9926936:9927072:+:137	3	5	5	6	5	3	2	2	4	6	3	6
Interval_907:1:9931282:9931506:+:225	10	6	4	6	4	9	4	14	4	9	6	6
Interval_908:1:9932880:9933081:+:202	1	4	2	1	3	3	1	1	0	2	1	14
Interval_909:1:9938420:9938906:+:487	102	131	137	94	146	117	147	158	190	166	185	151
Interval_910:1:9942820:9943207:+:388	22	11	6	22	20	52	16	24	12	31	8	24
Interval_911:1:9944612:9945756:+:1145	27	25	24	53	16	44	29	52	29	30	26	88
Interval_912:1:9953631:9954322:+:692	42	23	18	21	22	16	34	21	29	18	32	28
Interval_913:1:9971792:9973469:+:1678	1683	1513	1227	1032	2235	1716	1902	2003	2325	1709	1634	1812
Interval_914:1:9978564:9978743:+:180	5	5	5	5	5	10	2	8	3	8	6	4
Interval_915:1:9984203:9985046:+:844	25	22	13	28	13	35	32	30	25	32	22	41
Interval_916:1:10007420:10008314:+:895	52	40	30	42	45	69	37	56	48	38	44	62
Interval_917:1:10010911:10011331:+:421	55	31	33	49	49	52	41	78	32	63	40	60
Interval_918:1:10016629:10016815:+:187	7	5	2	11	5	20	6	17	4	13	5	10
Interval_919:1:10019998:10020347:+:350	9	3	2	12	4	17	8	15	6	23	6	9
Interval_920:1:10026339:10026621:+:283	20	6	2	18	8	16	7	23	9	22	8	21
Interval_921:1:10031399:10031778:+:380	8	3	5	7	3	2	4	6	2	24	0	0
Interval_922:1:10051838:10052186:+:349	34	16	9	8	17	22	17	22	6	24	8	21
Interval_923:1:10059637:10060173:+:537	4	3	10	10	5	5	2	5	2	4	5	5
Interval_924:1:10061026:10061297:+:272	7	8	11	9	4	9	6	13	4	25	15	8
Interval_925:1:10066872:10067455:+:584	14	6	5	11	7	15	4	12	6	12	6	28
Interval_926:1:10070124:10071167:+:1044	40	34	16	30	23	57	21	56	18	60	24	47
Interval_927:1:10077751:10078077:+:327	15	57	43	12	51	15	45	74	109	48	68	41
Interval_928:1:10081335:10082369:+:1035	81	72	54	57	76	81	65	102	60	103	55	77
Interval_929:1:10085881:10087803:+:1923	67	50	44	44	48	75	50	105	47	80	63	93
Interval_930:1:10089067:10089222:+:156	3	1	2	10	3	5	3	6	1	1	3	5
Interval_931:1:10092835:10093014:+:180	5	2	3	5	1	7	6	7	0	5	5	15
Interval_932:1:10101155:10101385:+:231	3	2	3	7	1	10	5	14	5	10	9	24
Interval_933:1:10104484:10104935:+:452	10	3	5	15	2	20	7	15	6	19	6	13
Interval_934:1:10107880:10108294:+:415	16	9	6	11	3	10	10	13	9	9	5	15
Interval_935:1:10113910:10114849:+:940	153	52	62	116	108	193	105	248	83	229	97	148
Interval_936:1:10148882:10150055:+:1174	46	12	12	17	14	25	36	58	12	35	14	23
Interval_937:1:10154621:10155345:+:725	14	6	15	17	9	21	11	30	6	25	13	16
Interval_938:1:10155985:10156837:+:853	31	10	6	27	16	38	17	35	8	29	15	21
Interval_939:1:10165629:10165890:+:262	13	4	5	11	5	12	4	7	6	10	3	17
Interval_940:1:10168355:10168547:+:193	1	2	3	4	1	6	3	0	0	5	2	4
Interval_941:1:10175832:10176594:+:763	39	16	17	33	17	36	23	37	15	42	17	35
Interval_942:1:10177261:10177504:+:244	3	5	2	9	5	5	1	11	2	10	7	18
Interval_943:1:10183640:10184213:+:574	86	39	42	44	68	99	34	137	46	126	55	74
Interval_944:1:10188813:10189742:+:930	40	23	28	33	23	37	26	83	21	64	40	34
Interval_945:1:10196034:10196985:+:952	30	16	19	24	16	28	20	34	19	41	27	47
Interval_946:1:10200318:10201469:+:1152	26	12	24	25	22	34	27	42	30	35	22	27
Interval_947:1:10214095:10215711:+:1617	28	15	22	41	15	43	17	54	14	42	29	34
Interval_948:1:10218075:10218756:+:682	18	6	12	16	15	32	10	23	7	16	8	21
Interval_949:1:10227626:10227868:+:243	1	5	2	11	3	5	4	5	1	6	1	3
Interval_950:1:10228430:10228808:+:379	13	3	5	12	4	26	13	12	7	19	5	13
Interval_951:1:10238988:10239128:+:141	0	3	4	5	1	0	0	0	0	2	2	2
Interval_952:1:10240367:10240732:+:366	18	11	10	23	21	21	8	20	12	19	8	17
Interval_953:1:10244137:10245356:+:1220	20	20	13	39	20	49	11	56	8	49	27	56
Interval_954:1:10252028:10253510:+:1483	171	90	82	134	131	216	130	233	102	219	122	174
Interval_955:1:10261876:10262797:+:922	739	4	12	205	355	370	3	380	7	4	261	5
Interval_956:1:10266167:10267141:+:975	34	12	14	35	16	36	16	44	19	42	22	31
Interval_957:1:10273380:10274296:+:917	30	15	16	22	25	36	13	43	27	54	21	52
Interval_958:1:10291479:10291748:+:270	4	6	0	12	2	5	2	9	3	6	0	7
Interval_959:1:10297953:10298193:+:241	10	2	4	3	7	5	3	7	2	6	3	10
Interval_960:1:10304855:10305039:+:185	4	5	2	3	0	8	0	1	1	0	0	5
Interval_961:1:10311850:10312510:+:661	45	19	22	38	27	64	34	59	37	58	33	57
Interval_962:1:10317871:10318581:+:711	37	10	21	34	24	59	17	35	21	25	12	27
Interval_963:1:10321726:10322510:+:785	50	25	30	27	32	49	33	38	27	24	42	58
Interval_964:1:10324930:10325143:+:214	27	8	6	15	8	28	12	24	1	22	7	21
Interval_965:1:10330966:10331657:+:692	28	15	7	7	10	35	10	17	7	18	18	18
Interval_966:1:10334148:10334985:+:838	42	20	16	17	20	39	28	36	11	19	21	19
Interval_967:1:10338601:10339197:+:597	70	30	31	39	53	75	41	52	51	45	49	63
Interval_968:1:10342391:10343048:+:658	7	22	12	17	20	35	21	13	21	15	29	30
Interval_969:1:10344300:10344794:+:495	32	19	26	31	16	51	20	41	38	30	44	43
Interval_970:1:10355216:10355987:+:772	57	36	24	53	48	82	36	62	35	53	43	57
Interval_971:1:10360523:10361286:+:764	7	67	94	19	192	12	116	51	160	48	119	37
Interval_972:1:10366859:10368073:+:1215	104	41	27	70	65	115	65	90	54	83	54	93
Interval_973:1:10374314:10374536:+:223	1	8	12	1	13	2	13	20	20	7	14	7
Interval_974:1:10378419:10378942:+:524	49	14	10	15	10	70	14	30	5	23	12	18
Interval_975:1:10382657:10383572:+:916	76	68	52	102	86	137	62	79	79	98	86	111
Interval_976:1:10385184:10385515:+:332	7	9	10	18	9	11	15	19	8	10	6	10
Interval_977:1:10387157:10387314:+:158	2	4	7	2	3	4	2	4	1	12	6	2
Interval_978:1:10388462:10389312:+:851	19	21	23	24	18	23	15	24	12	20	19	24
Interval_979:1:10390359:10390606:+:248	4	11	5	7	7	9	2	5	4	7	9	19
Interval_980:1:10400688:10401380:+:693	7	14	23	5	15	9	12	19	17	13	17	8
Interval_981:1:10412144:10412347:+:204	4	4	6	5	1	2	3	2	2	2	10	2
Interval_982:1:10414010:10414231:+:222	3	4	5	5	6	6	6	10	5	3	6	11
Interval_983:1:10427168:10427605:+:438	7	11	7	5	15	7	7	6	3	7	13	5
Interval_984:1:10430173:10431020:+:848	21	10	19	25	13	29	7	20	7	12	11	20
Interval_985:1:10432392:10432589:+:198	3	3	2	1	1	3	4	6	2	1	10	7
Interval_986:1:10438492:10440591:+:2100	786	802	677	502	1287	948	889	1038	1069	886	913	1002
Interval_987:1:10454543:10455952:+:1410	682	632	512	490	1002	941	767	884	879	737	727	850
Interval_988:1:10461128:10461458:+:331	7	6	3	7	5	14	5	8	4	6	9	7
Interval_989:1:10462645:10463066:+:422	3	8	11	8	8	6	5	22	13	4	24	19
Interval_990:1:10465126:10465573:+:448	19	10	9	18	11	27	9	26	16	34	17	14
Interval_991:1:10466816:10467294:+:479	20	6	8	20	10	14	8	12	8	26	15	23
Interval_992:1:10471350:10472225:+:876	12	16	13	23	12	30	10	23	10	30	16	35
Interval_993:1:10483227:10484510:+:1284	21	18	14	24	35	18	11	28	9	20	15	27
Interval_994:1:10487676:10488016:+:341	11	15	17	9	13	18	15	17	23	16	19	19
Interval_995:1:10500942:10501782:+:841	10	13	50	17	131	28	41	65	26	63	75	39
Interval_996:1:10508325:10509180:+:856	288	205	200	177	352	338	335	361	250	375	272	288
Interval_997:1:10516868:10517050:+:183	1	2	3	1	2	4	2	4	0	1	11	8
Interval_998:1:10517946:10519349:+:1404	78	44	32	68	65	136	46	90	27	96	44	87
Interval_999:1:10546616:10547977:+:1362	92	54	54	92	82	133	80	126	58	116	87	109
Interval_1000:1:10570994:10571381:+:388	2	71	55	5	59	8	55	38	98	17	41	27
